-0.959405	-0.95940486	-1.4e-07
0.270283	0.27028263	3.7e-07
-0.080558	-0.08055810	1e-07
-0.262591	-0.26259134	3.4e-07
-0.960269	-0.96026871	-2.9e-07
-0.094498	-0.09449758	-4.2e-07
-0.102898	-0.10289848	4.8e-07
-0.069508	-0.06950757	-4.3e-07
0.992260	0.99226035	-3.5e-07
0.952081	0.95208118	-1.8e-07
-0.295584	-0.29558384	-1.6e-07
0.078560	0.07855967	3.3e-07
0.286682	0.28668153	4.7e-07
0.951976	0.95197622	-2.2e-07
0.107494	0.10749408	-8e-08
-0.106560	-0.10656045	4.5e-07
-0.079821	-0.07982149	4.9e-07
0.991097	0.99109707	-7e-08
0.963689	0.96368877	2.3e-07
-0.258770	-0.25877042	4.2e-07
0.065892	0.06589245	-4.5e-07
0.252034	0.25203366	3.4e-07
0.962973	0.96297322	-2.2e-07
0.095716	0.09571626	-2.6e-07
-0.088221	-0.08822120	2e-07
-0.075634	-0.07563357	-4.3e-07
0.993225	0.99322534	-3.4e-07
0.954532	0.95453241	-4.1e-07
-0.285071	-0.28507070	-3e-07
0.087193	0.08719275	2.5e-07
0.275102	0.27510168	3.2e-07
0.955018	0.95501810	-1e-07
0.110723	0.11072259	4.1e-07
-0.114834	-0.11483442	4.2e-07
-0.081701	-0.08170143	4.3e-07
0.990019	0.99001916	-1.6e-07
0.961411	0.96141057	4.3e-07
-0.265076	-0.26507616	1.6e-07
0.073650	0.07365011	-1.1e-07
0.255335	0.25533488	1.2e-07
0.959391	0.95939065	3.5e-07
0.119890	0.11989027	-2.7e-07
-0.102439	-0.10243928	2.8e-07
-0.096458	-0.09645833	3.3e-07
0.990052	0.99005151	4.9e-07
0.959887	0.95988711	-1.1e-07
-0.270426	-0.27042597	-3e-08
0.074071	0.07407110	-1e-07
0.262304	0.26230422	-2.2e-07
0.959416	0.95941564	3.6e-07
0.103528	0.10352837	-3.7e-07
-0.099062	-0.09906174	-2.6e-07
-0.079946	-0.07994638	3.8e-07
0.991865	0.99186458	4.2e-07
0.955963	0.95596303	-3e-08
-0.278328	-0.27832776	-2.4e-07
0.093104	0.09310393	7e-08
0.264613	0.26461350	-5e-07
0.954608	0.95460767	3.3e-07
0.136762	0.13676215	-1.5e-07
-0.126942	-0.12694242	4.2e-07
-0.106103	-0.10610300	0
0.986219	0.98621893	7e-08
0.959108	0.95910839	-3.9e-07
-0.271280	-0.27128045	4.5e-07
0.080734	0.08073421	-2.1e-07
0.260035	0.26003525	-2.5e-07
0.957191	0.95719113	-1.3e-07
0.127149	0.12714881	1.9e-07
-0.111771	-0.11177106	6e-08
-0.100956	-0.10095574	-2.6e-07
0.988593	0.98859252	4.8e-07
0.959402	0.95940206	-6e-08
-0.277305	-0.27730469	-3.1e-07
0.051476	0.05147611	-1.1e-07
0.158449	0.15844915	-1.5e-07
0.680920	0.68092049	-4.9e-07
0.715011	0.71501130	-3e-07
-0.233327	-0.23332712	1.2e-07
-0.677827	-0.67782697	-3e-08
0.697215	0.69721522	-2.2e-07
-0.164086	-0.16408584	-1.6e-07
-0.773701	-0.77370123	2.3e-07
-0.611933	-0.61193321	2.1e-07
0.972860	0.97286040	-4e-07
-0.229526	-0.22952569	-3.1e-07
0.029336	0.02933603	-3e-08
-0.163152	-0.16315171	-2.9e-07
-0.590512	-0.59051196	-4e-08
0.790365	0.79036520	-2e-07
0.719980	0.71997955	4.5e-07
0.693863	0.69386327	-2.7e-07
0.013535	0.01353535	-3.5e-07
-0.564181	-0.56418131	3.1e-07
0.573836	0.57383618	-1.8e-07
0.593643	0.59364256	4.4e-07
0.404140	0.40413969	3.1e-07
-0.435047	-0.43504689	-1.1e-07
0.804615	0.80461501	-1e-08
0.515679	0.51567915	-1.5e-07
-0.661545	-0.66154525	2.5e-07
-0.544457	-0.54445651	-4.9e-07
0.768690	0.76869029	-2.9e-07
0.637891	0.63789111	-1.1e-07
-0.047013	-0.04701252	-4.8e-07
0.378405	0.37840488	1.2e-07
-0.394275	-0.39427505	5e-08
0.837471	0.83747056	4.4e-07
0.264560	0.26455951	4.9e-07
0.963663	0.96366310	-1e-07
0.036901	0.03690111	-1.1e-07
-0.776510	-0.77651035	3.5e-07
0.190176	0.19017639	-3.9e-07
0.600720	0.60072008	-8e-08
0.571874	0.57187406	-6e-08
-0.187580	-0.18758030	3e-07
0.798607	0.79860734	-3.4e-07
0.836954	0.83695355	4.5e-07
-0.217954	-0.21795417	1.7e-07
-0.502001	-0.50200073	-2.7e-07
0.243577	0.24357694	6e-08
0.969766	0.96976644	-4.4e-07
-0.014944	-0.01494431	3.1e-07
0.490081	0.49008064	3.6e-07
-0.109768	-0.10976811	1.1e-07
0.864738	0.86473807	-7e-08
0.848691	0.84869124	-2.4e-07
-0.219846	-0.21984606	6e-08
-0.481031	-0.48103106	6e-08
0.250156	0.25015586	1.4e-07
0.968205	0.96820490	1e-07
-0.001145	-0.00114535	3.5e-07
0.465988	0.46598843	-4.3e-07
-0.119361	-0.11936069	-3.1e-07
0.876703	0.87670280	2e-07
-0.599344	-0.59934405	5e-08
0.532421	0.80047252	-0.268052
0.597758	-0.00551855	0.603277
-0.643052	-0.64305183	-1.7e-07
-0.764949	-0.47734867	-0.2876
0.036578	0.59885105	-0.562273
0.476730	0.47672954	4.6e-07
-0.362467	0.36246653	-0.724934
0.800841	0.80084141	-4.1e-07
0.777408	0.77740845	-4.5e-07
0.605714	0.40943819	0.196276
-0.169549	-0.47748976	0.307941
-0.486411	-0.48641110	1e-07
0.749832	0.87263841	-0.122806
0.448504	-0.04366294	0.492167
0.398799	0.39879863	3.7e-07
-0.266200	0.26620026	-0.5324
0.877552	0.87755175	2.5e-07
-0.971818	-0.97181759	-4.1e-07
0.073116	0.23450095	-0.161385
0.224109	-0.02408051	0.24819
-0.195922	-0.19592164	-3.6e-07
-0.779194	-0.74665835	-0.0325357
-0.595375	0.63570120	-1.23108
0.131093	0.13109262	3.8e-07
-0.622504	0.62250350	-1.24501
0.771560	0.77155953	4.7e-07
0.225059	0.22505869	3.1e-07
0.865139	0.84574603	0.019393
0.448201	-0.48379979	0.932001
-0.970208	-0.97020757	-4.3e-07
0.156637	0.24023623	-0.0835992
0.184830	-0.03136589	0.216196
0.089699	0.08969866	3.4e-07
-0.476445	0.47644539	-0.95289
0.874616	0.87461646	-4.6e-07
-0.795146	-0.79514561	-3.9e-07
-0.190777	-0.60641848	0.415641
-0.575628	0.00030203	-0.57593
0.449043	0.44904270	3e-07
-0.823182	-0.58845709	-0.234725
-0.347464	0.67236814	-1.01983
-0.407559	-0.40755873	-2.7e-07
-0.534766	0.53476620	-1.06953
0.740217	0.74021686	1.4e-07
-0.575582	-0.57558199	-1e-08
0.810611	0.62510739	0.185504
0.107772	-0.52720595	0.634978
-0.729194	-0.72919425	2.5e-07
-0.449129	-0.68414058	0.235012
-0.516293	-0.01507998	-0.501213
-0.370110	-0.37010959	-4.1e-07
-0.375756	0.37575579	-0.751512
0.849604	0.84960372	2.8e-07
-0.362489	-0.36248860	-4e-07
-0.679951	-0.92525812	0.245307
-0.637392	0.11180082	-0.749193
0.691613	0.69161276	2.4e-07
-0.654679	-0.18664443	-0.468035
0.305069	0.69773609	-0.392667
-0.624719	-0.62471898	-2e-08
-0.330244	0.33024425	-0.660488
0.707577	0.70757680	2e-07
-0.289374	-0.28937358	-4.2e-07
-0.785256	-0.94761825	0.162362
-0.547390	0.13521312	-0.682603
0.739469	0.73946858	4.2e-07
-0.546511	-0.13160873	-0.414902
0.393080	0.66020100	-0.267121
-0.607823	-0.60782329	2.9e-07
-0.291031	0.29103058	-0.582062
0.738818	0.73881801	-1e-08
-0.850402	-0.85040168	-3.2e-07
0.428199	0.17223542	0.255964
-0.305716	-0.49714378	0.191428
-0.282350	-0.28235016	1.6e-07
-0.861723	-0.94670752	0.0849845
-0.421560	0.15499436	-0.576554
-0.443954	-0.44395424	2.4e-07
-0.272176	0.27217609	-0.544352
0.853712	0.85371237	-3.7e-07
0.474156	0.47415584	1.6e-07
-0.877529	-0.87752879	-2.1e-07
0.071550	0.07155037	-3.7e-07
0.653328	0.65332816	-1.6e-07
0.405159	0.40515882	1.8e-07
0.639538	0.63953784	1.6e-07
-0.590202	-0.59020213	1.3e-07
-0.256495	-0.25649473	-2.7e-07
0.765423	0.76542269	3.1e-07
-0.669368	-0.66936791	-9e-08
-0.526993	-0.52699297	-3e-08
-0.523665	-0.52366499	-1e-08
0.562274	0.56227393	7e-08
-0.820058	-0.82005796	-4e-08
0.106550	0.10655029	-2.9e-07
-0.485587	-0.48558690	-1e-07
-0.223122	-0.22312183	-1.7e-07
0.845235	0.84523489	1.1e-07
