WONB2	0.8842333080922721	-1.0333618631315027	0	0.0045846919077279225	-0.00472713686849735	0.00007
WONB3	1.164637326141581	1.2405219532150302	0	0.005853673858418951	0.0056680467849696825	0.00007
WONB8	0.19232558863838256	-1.1316545029585903	0	0.0011284113616174263	-0.0019154970414096972	0.00007
WONB9	1.4215789389053664	-0.5232437026289538	0	0.000981061094633695	-0.005455297371046219	0.00007
WONB10	-0.49453940404014496	-0.887068128566043	0	-0.002269595959855042	-0.0025938714339569513	0.00007
WONB13	0.3623753090210161	-0.5630842267625807	0	0.000040690978983903836	-0.00025277323741923485	0.00007
WONB15	-1.0427981273662232	-0.4740123108773203	0	-0.002147872633776693	-0.004739689122679691	0.00007
WONB20	0.47411713987883974	0.7963388154857802	0	0.0021008601211602307	0.00020018451421977002	0.00007
WONB27	1.4183700487651905	0.4987724120117431	0	0.0019549512348095988	0.005977587988256927	0.00007
WONB31	1.9194003480378643	-1.1366751431285649	0	0.0032796519621356435	-0.012366856871435017	0.00007
WONB32	0.009428667454058555	0.05399836561618058	0	0.0001993325459414448	0.0003916343838194225	0.00007
WONB33	1.0291031724313986	-0.0278723423811409	0	-0.0012081724313985909	0.00035434238114090064	0.00007
WONB35	-1.0974835137999874	0.3420350655283688	0	-0.0008854862000124974	0.002849934471631177	0.00007
WONB37	-0.25388592317793746	0.6863721227645619	0	-0.000045076822062561916	-0.0005291227645619623	0.00007
WONB38	2.0976141906998715	1.110790640926702	0	0.000780809300128471	0.010864359073297969	0.00007
WONB42	2.0141614629299136	-0.33841949396371646	0	-0.0007414629299136166	-0.004622506036283558	0.00007
WONB43	-0.555115019049141	0.16553513511595191	0	0.0010030190491409074	0.0006518648840480867	0.00007
WONB45	-1.0393004919091828	1.1448415661978726	0	-0.005751508090817259	0.0061634338021274715	0.00007
WONB10_1	-0.4777253667152107	-0.7985017386976031	0	-0.0019256332847892854	-0.0025772613023968827	0.00007
WONB10_2	-0.44268573093139	-0.8503231657604213	0	-0.0024102690686099715	-0.0028458342395786262	0.00007
WONB10_3	-0.4075718109047942	-0.9023790517850226	0	-0.0024991890952058005	-0.0031399482149773172	0.00007
WONB10_5	-0.5461451871654588	-0.9236108835929766	0	-0.0033328128345412322	-0.0037281164070234185	0.00007
WONB10_B1	-0.5292934080011024	-0.8346589331835953	0	-0.002762591998897612	-0.0031910668164046863	0.00007
WONB10_B5	-0.5960949859046829	-0.8863069354226973	0	-0.0033270140953171046	-0.0035860645773027056	0.00007
WONB10_B8	-0.6046047293989105	-0.9475513041251886	0	-0.0036592706010895037	-0.004191695874811385	0.00007
WONB13_1	0.40130745832522674	-0.4863572366309256	0	-0.0001344583252267384	0.00007423663092559485	0.00007
WONB13_2	0.4196230633863627	-0.5446331001595848	0	0.00020693661363729854	-0.0004528998404151885	0.00007
WONB13_3	0.43783318597377396	-0.6035719836721123	0	0.0004638140262260282	-0.00040301632788775077	0.00007
WONB13_5	0.3045805495596432	-0.5818811931155401	0	0.00018445044035680924	0.0003011931155401104	0.00007
WONB13_B1	0.34409767845891237	-0.5045963876960169	0	0.00012432154108760196	-0.00007661230398314789	0.00007
WONB13_B5	0.2688505463954654	-0.5320583304457249	0	0.000002453604534602416	-0.0001716695542750557	0.00007
WONB13_B11	0.2830679627782021	-0.6394098809205918	0	0.00029103722179790736	0.00020188092059181262	0.00007
WONB15_1	-1.1225983200032006	-0.4369066335898527	0	-0.0019996799967993972	-0.003726366410147286	0.00007
WONB15_2	-1.0620624615180623	-0.41586411060968087	0	-0.0018585384819376216	-0.003672889390319123	0.00007
WONB15_3	-1.0022450462252703	-0.3946119806028403	0	-0.0017639537747295986	-0.0038990193971596976	0.00007
WONB15_5	-1.0223457376256033	-0.5323364151108023	0	-0.0023512623743966454	-0.004711584889197651	0.00007
WONB15_B1	-1.1032305409250143	-0.4952438208123512	0	-0.0024114590749857445	-0.004756179187648812	0.00007
WONB15_B5	-1.0729513272898747	-0.5716029936937864	0	-0.0029656727101252667	-0.0055290063062135575	0.00007
WONB15_B13	-0.9621707499556507	-0.5109575288917187	0	-0.0017602500443493208	-0.0038824711082812158	0.00007
WONB20_1	0.5097723668186499	0.7134881226222678	0	0.001784633181350137	0.0002718773777321548	0.00007
WONB20_2	0.4508519793337488	0.7380153877395709	0	0.0015530206662511814	0.00006861226042909063	0.00007
WONB20_3	0.39191603380057505	0.7625065176499438	0	0.0015209661994249335	0.000023482350056225343	0.00007
WONB20_5	0.496706923594948	0.8537771966629247	0	0.00229407640505197	0.0003848033370752457	0.00007
WONB20_B1	0.5331159102817511	0.7720487552010876	0	0.002096089718248928	0.0006262447989123787	0.00007
WONB20_B6	0.5567650365101108	0.8700630323327005	0	0.0024079634898892532	0.0009569676672994687	0.00007
WONB20_B11	0.4645745566786137	0.9082579141242345	0	0.0024764433213863013	0.00034008587576550564	0.00007
WONB27_1	1.3580204653952197	0.566744890497123	0	0.002500534604780391	0.005831109502877019	0.00007
WONB27_2	1.4212171872087287	0.5608249593837891	0	0.002277812791271261	0.006182040616210971	0.00007
WONB27_3	1.4847425906663974	0.5552124918570714	0	0.0018364093336027398	0.005905508142928562	0.00007
WONB27_5	1.4153810460052172	0.4364539585259584	0	0.0015929539947827642	0.004311041474041599	0.00007
WONB27_B1	1.3549396967586225	0.5044185665785952	0	0.002134303241377422	0.005032433421404803	0.00007
WONB27_B7	1.3785814019733869	0.3865613437632785	0	0.0018335980266130925	0.003935656236721485	0.00007
WONB27_B12	1.4750850757314986	0.4111097701873376	0	0.001296924268501476	0.004564229812662413	0.00007
WONB2_1	0.8308268136815586	-0.9611254075818432	0	0.003587186318441349	-0.004158592418156859	0.00007
WONB2_2	0.8924499476325569	-0.9709979122393513	0	0.003963052367443098	-0.004395087760648675	0.00007
WONB2_3	0.9542119279834705	-0.980918130069094	0	0.00413907201652941	-0.004615869930906014	0.00007
WONB2_5	0.8758364456013276	-1.095377501892603	0	0.004678554398672485	-0.00449649810739694	0.00007
WONB2_B1	0.8227427438121367	-1.0234516282378008	0	0.0041632561878632846	-0.0040733717621992405	0.00007
WONB2_B4	0.814117659393034	-1.0857294373833821	0	0.004574340606965932	-0.004404562616617813	0.00007
WONB2_B8	0.8531512041639736	-1.154210192814131	0	0.005424795836026397	-0.004950807185869044	0.00007
WONB31_5	1.9103099292874985	-1.1991663799070251	0	0.002371070712501533	-0.010761620092974766	0.00007
WONB31_B11	1.9502614477239042	-1.2470609475514034	0	0.0030595522760958893	-0.013617052448596567	0.00007
WONB32_1	-0.005924848244349495	0.13656801113565217	0	0.0002748482443494958	0.0005039888643478263	0.00007
WONB32_2	0.04302312243980147	0.10275611092576695	0	0.00018787756019852941	0.00021188907423305703	0.00007
WONB32_3	0.09253850249439495	0.06912286750583553	0	-0.00009550249439495284	0.00040813249416446484	0.00007
WONB32_5	-0.024438707813187646	0.004770091099294947	0	0.00026470781318764514	0.0002699089007050532	0.00007
WONB32_B1	-0.03964590260825884	0.08774236732025513	0	0.00021890260825884605	0.00019463267974487164	0.00007
WONB32_B8	-0.06855386579165872	-0.035402121363434284	0	0.00023786579165871458	0.0002601213634342847	0.00007
WONB32_B12	0.011136167848804873	-0.043142775754190024	0	0.0002028321511951276	0.0003237757541900213	0.00007
WONB33_1	1.0528683030970023	0.050460322395760565	0	-0.000981303097002284	0.0008326776042394332	0.00007
WONB33_2	1.0810864268849674	-0.002216105390450164	0	-0.0010314268849673791	0.00008810539045016373	0.00007
WONB33_3	1.1086862463712863	-0.05530446791979748	0	-0.0011942463712864004	-0.0003795320802025201	0.00007
WONB33_5	0.9762444032941212	-0.05377032141888132	0	-0.0011954032941211556	-0.00015267858111867733	0.00007
WONB33_B1	1.0014248218769761	0.02525392912013842	-4.440892098500626e-16	-0.0012018218769760391	0.00034407087986157783	0.00007000000000044408
WONB33_B8	0.9174431250211516	-0.0673734463792187	0	-0.0012631250211515566	0.00016344637921869576	0.00007
WONB33_B13	1.0039687561012371	-0.10691520135270843	0	-0.0012347561012371333	-0.0004287986472915617	0.00007
WONB35_1	-1.0909818819099661	0.425712597355442	0	-0.0011811180900338503	0.0024614026445580195	0.00007
WONB35_2	-1.050444420355381	0.381822499176754	0	-0.0010485796446189077	0.0029275008232459987	0.00007
WONB35_3	-1.009777824618079	0.3373643939073051	0	0.00007882461807917629	0.0020936060926948774	0.00007
WONB35_5	-1.1437549079634963	0.30191206914083835	-4.440892098500626e-16	-0.0011770920365037352	0.001953930859161679	0.00007000000000044408
WONB35_B1	-1.137727038958021	0.3862875420701713	0	-0.0015049610419790582	0.002990457929828716	0.00007
WONB35_B8	-1.198471089345179	0.27224863157567053	0	-0.0013569106548207976	0.0025713684243294788	0.00007
WONB35_B15	-1.0745829351668343	0.287149751632138	0	-0.0005430648331656851	0.002522248367861968	0.00007
WONB37_1	-0.20493757691454512	0.6167142406221954	0	0.0002965769145451269	-0.00010524062219541275	0.00007
WONB37_2	-0.2634305544282003	0.626958613596515	0	-0.000020445571799698747	-0.0001566135965149762	0.00007
WONB37_3	-0.3222975584006002	0.637129080874326	0	-0.00011144159939979748	-0.0003090808743259066	0.00007
WONB37_5	-0.24397722376334807	0.744049295175319	0	0.00010122376334806282	-0.0004672951753190713	0.00007
WONB37_B1	-0.19520076725948848	0.676175613808497	0	0.00025776725948847834	-0.0005616138084969524	0.00007
WONB37_B9	-0.24771817846682948	0.8012058027552181	0	-0.0004758215331705229	-0.0004828027552181702	0.00007
WONB37_B13	-0.3027916967690224	0.7543270664455615	0	-0.0006793032309775904	-0.0002310664455614786	0.00007
WONB38_2	2.1522700168644735	1.099778608565992	-4.440892098500626e-16	0.0002929831355262813	0.009995391434008072	0.00007000000000044408
WONB38_3	2.1455428257959235	1.044107561475047	0	0.0012151742040766855	0.011709438524952986	0.00007
WONB38_5	2.041467603593745	1.1206611353855132	0	0.0009263964062546926	0.011055864614486932	0.00007
WONB38_B9	1.9844724806484173	1.1175168160811664	0	0.0011695193515826041	0.010456183918833517	0.00007
WONB38_B14	2.053789557670075	1.0652523722684086	0	-0.00022855767007490257	0.010126627731591453	0.00007
WONB3_1	1.2124775268377326	1.1727521961068863	0	0.0051244731622674955	0.005726803893113752	0.00007
WONB3_2	1.1553001675084815	1.1846968009782608	0	0.005247832491518389	0.005170199021739208	0.00007
WONB3_3	1.0977533688844048	1.1955567628629158	0	0.005707631115595246	0.004906237137084268	0.00007
WONB3_5	1.1739969547836921	1.2963024085975356	4.440892098500626e-16	0.006283045216307848	0.004324591402464328	0.0000699999999995559
WONB3_B1	1.2220501848010645	1.2292933953698402	0	0.005545815198935378	0.0052976046301598245	0.00007
WONB3_B4	1.2314743279187035	1.285171854609779	0	0.006158672081296501	0.005500145390221034	0.00007
WONB42_1	1.9957373843272785	-0.25562622963041826	0	-0.000654384327278601	-0.005559770369581718	0.00007
WONB42_2	2.0439612172082775	-0.29033936568821184	0	-0.0004152172082774186	-0.005962634311788173	0.00007
WONB42_3	2.0923711589913654	-0.3249204667831787	0	0.00011184100863470547	-0.006570533216821273	0.00007
WONB42_5	1.98326005955962	-0.38694336229722004	0	-0.00012605955961997317	-0.004314637702779955	0.00007
WONB42_B1	1.9661675885833243	-0.30331338360535837	0	-0.0000615885833243901	-0.004347616394641651	0.00007
WONB42_B10	1.981989015847299	-0.4469634714276379	0	-0.00017601584729898256	-0.005790528572362064	0.00007
WONB42_B15	2.05020276127675	-0.38698814911879315	0	-0.001056761276750251	-0.004679850881206871	0.00007
WONB43_1	-0.6158942144358445	0.2235647063875143	0	0.0009092144358444632	0.000638293612485713	0.00007
WONB43_2	-0.5554654006284604	0.2247354830670961	0	0.0009624006284604247	0.0009695169329038966	0.00007
WONB43_3	-0.494694424122444	0.22627357471494647	0	0.0007864241224440072	0.0005514252850535306	0.00007
WONB43_5	-0.5545429386743698	0.10559858961917241	0	0.0007989386743697535	0.0006574103808275888	0.00007
WONB43_B1	-0.6160985867522251	0.1646023395267705	0	0.0010395867522250413	0.0008706604732295065	0.00007
WONB43_B11	-0.5065187115700382	0.06955049333625557	0	0.0008477115700382676	0.00040850666374442346	0.00007
WONB43_B14	-0.4972711202801404	0.12660645745255922	0	0.0009081202801404231	0.0003445425474407904	0.00007
WONB45_1	-0.9549871545113833	1.1633029799935226	0	-0.00561684548861674	0.004944020006477423	0.00007
WONB45_2	-0.987549727786707	1.1135098334346045	0	-0.005862272213292941	0.005122166565395547	0.00007
WONB45_3	-1.020078680222285	1.0641743888951896	0	-0.004461319777715023	0.0051396111048105375	0.00007
WONB45_5	-1.0905546966693387	1.1753925011749309	0	-0.006048303330661309	0.005261498825069211	0.00007
WONB45_B1	-1.0070163842410793	1.1950107207808895	0	-0.005875615758920594	0.004812279219110538	0.00007
WONB45_B12	-1.138368002355142	1.1387837604527813	0	-0.005979997644858015	0.006020239547218642	0.00007
WONB45_B15	-1.0869491018413844	1.108465849961613	0	-0.005998898158615651	0.005812150038387198	0.00007
WONB47_3	2.052496888179905	0.44366532350911514	0	-0.0009608881799048063	0.009273676490884841	0.00007
WONB8_1	0.22972378721762166	-1.049552163926555	-4.440892098500626e-16	0.0014952127823783523	-0.001523836073444862	0.00007000000000044408
WONB8_2	0.2499116525980584	-1.1093712540062544	0	0.0014183474019416054	-0.002210745993745711	0.00007
WONB8_3	0.26968315732072834	-1.169516859539494	0	0.0018428426792716501	-0.002128140460506023	0.00007
WONB8_5	0.1343906848754612	-1.1529296896974333	0	0.0004993151245387961	-0.0018123103025666776	0.00007
WONB8_B1	0.17286316363655282	-1.071918679891381	0	0.001081836363447164	-0.0012183201086191087	0.00007
WONB8_B4	0.11500874643687906	-1.0934489841234452	0	0.0005392535631209422	-0.0017290158765548291	0.00007
WONB8_B14	0.17130254322525296	-1.2023864678922167	0	0.001538456774747038	-0.0022125321077832716	0.00007
WONB9_1	1.427619003042014	-0.4375560560718588	4.440892098500626e-16	0.00048299695798603715	-0.004010943928141164	0.0000699999999995559
WONB9_2	1.4674822191717758	-0.48513109966518386	0	0.0005107808282243109	-0.004978900334816128	0.00007
WONB9_3	1.5079410484680058	-0.5328739689836979	0	0.0009439515319942249	-0.00537603101630213	0.00007
WONB9_5	1.3749517831556568	-0.5614821958848373	0	0.0016092168443431198	-0.0051008041151626715	0.00007
WONB9_B1	1.3817499842572984	-0.4755484942693927	0	0.0006330157427014704	-0.004673505730607264	0.00007
WONB9_B4	1.3354651927085903	-0.5135881337194487	0	0.0010738072914096009	-0.004497866280551377	0.00007
WONB9_B15	1.4445371282087256	-0.5810174209339615	0	0.0011818717912743804	-0.005766579066038502	0.00007
