WONB2	0.2369028564038723	0.9431576169462458	0	0.0009411435961277081	0.005171383053754197	0.00007
WONB5	-1.8563123371526968	0.6254799653096685	4.440892098500626e-16	-0.029290662847303084	0.010290034690331407	0.0000699999999995559
WONB6	2.0837700895735733	-0.6142652164150881	0	0.03287791042642674	-0.009436783584911845	0.00007
WONB8	0.7375440212805136	0.45076694944090967	4.440892098500626e-16	0.0025159787194865	0.0018480505590903196	0.0000699999999995559
WONB9	-0.40758981595280414	0.9764642868698686	0	-0.0029141840471958447	0.007174713130131405	0.00007
WONB10	0.9808357484995415	-0.3672159712167212	0	0.006269251500458539	-0.0017120287832787517	0.00007
WONB13	0.16789485691610453	0.19415018405894655	0	0.0010541430838954535	0.00048181594105345393	0.00007
WONB15	0.9823449618165068	-1.223241040972553	-4.440892098500626e-16	0.01238203818349326	-0.014676959027447145	0.00007000000000044408
WONB18	1.549486501970249	0.38241531203766044	0	0.020282498029750906	0.0058766879623395885	0.00007
WONB20	-1.0037012087916526	-0.5571592381888283	0	-0.008297791208347505	-0.005244761811171728	0.00007
WONB22	-1.9902315743914092	0.13374921004631718	-4.440892098500626e-16	-0.031540425608590716	0.002577789953682824	0.00007000000000044408
WONB23	0.9377793065236217	1.2105027974881382	-4.440892098500626e-16	0.010157693476378293	0.01591920251186174	0.00007000000000044408
WONB25	-1.566345357769287	-0.8006868662916925	0	-0.023530642230713106	-0.01180613370830752	0.00007
WONB27	-1.1853494916077172	0.32987083239864057	0	-0.011647508392282901	0.0030301676013594347	0.00007
WONB29	-2.189332612392397	-0.44007756752525173	4.440892098500626e-16	-0.03682738760760307	-0.005892432474748244	0.0000699999999995559
WONB32	-0.1162995159964045	-0.5199268686121236	0	0.0009755159964045107	-0.00040213138787648095	0.00007
WONB33	-0.559557822785577	0.3699464099780755	0	-0.0014741772144230003	0.0014125900219245091	0.00007
WONB34	-1.478172718352013	1.0210932486665492	4.440892098500626e-16	-0.022483281647986963	0.015287751333450839	0.0000699999999995559
WONB37	-0.45378136923787044	-1.1402160945423	0	-0.002970630762129556	-0.010680905457699952	0.00007
WONB38	-1.6178417986775901	0.4290411134426726	0	-0.0229242013224098	0.006410886557327411	0.00007
WONB42	-0.7769764424568874	1.2432828574796027	0	-0.009934557543112676	0.015888142520397386	0.00007
WONB43	0.1048762505149298	-1.1238047072509008	-4.440892098500626e-16	0.0013617494850702017	-0.008480292749099227	0.00007000000000044408
WONB44	-2.1013028737353263	0.8248848493277456	-4.440892098500626e-16	-0.032504126264673694	0.01302715067225435	0.00007000000000044408
WONB47	-1.2080649259090128	0.7469072707155712	0	-0.015417074090987137	0.009222729284428799	0.00007
WONB10_1	0.8868747917894727	-0.4130951819548848	0	0.004956208210527335	-0.0019908180451151947	0.00007
WONB10_2	0.9105628127116384	-0.3419457633547335	0	0.00478218728836155	-0.0016812366452665373	0.00007
WONB10_3	0.9341818622222047	-0.27049806446387736	4.440892098500626e-16	0.005296137777795362	-0.0015279355361226266	0.0000699999999995559
WONB10_5	1.0527508013039855	-0.3927963384241626	0	0.007940198696014589	-0.002474661575837367	0.00007
WONB10_B1	0.9567022430081995	-0.4390057547621127	4.440892098500626e-16	0.006139756991800471	-0.0026052452378872992	0.0000699999999995559
WONB10_B5	1.0540114707457755	-0.4697589456834995	-4.440892098500626e-16	0.007839529254224598	-0.003599054316500483	0.00007000000000044408
WONB10_B8	1.118666390604607	-0.4347450589410936	-4.440892098500626e-16	0.009247609395393042	-0.0032209410589064125	0.00007000000000044408
WONB13_1	0.08764336035035554	0.1747125431770822	0	0.0011016396496444647	0.0005254568229177969	0.00007
WONB13_2	0.12234987256053279	0.2296884610259842	0	0.001333127439467216	0.0004395389740158018	0.00007
WONB13_3	0.1580316748402894	0.28524885672709366	0	0.0008203251597105887	0.0005321432729063491	0.00007
WONB13_5	0.2154762267670659	0.15784914175161222	4.440892098500626e-16	0.0007687732329340891	0.00037285824838778625	0.0000699999999995559
WONB13_B1	0.1323576268846067	0.13880439594568514	0	0.0009953731153932999	0.000502604054314848	0.00007
WONB13_B5	0.19662179886163614	0.09311433940066365	0	0.0011632011383638508	0.0004306605993363577	0.00007
WONB13_B11	0.27394298139333856	0.17897789708786654	4.440892098500626e-16	0.000921018606661439	0.0004631029121334451	0.0000699999999995559
WONB15_2	0.941339396656507	-1.2827457711601487	0	0.011812603343492989	-0.015171228839851336	0.00007
WONB15_3	0.8795789018492801	-1.2316688409489118	-4.440892098500626e-16	0.010465098150719832	-0.015045159051088275	0.00007000000000044408
WONB15_5	1.0243832705374278	-1.1620762532582343	4.440892098500626e-16	0.01285172946257207	-0.014327746741765734	0.0000699999999995559
WONB15_B1	1.0454459510050806	-1.275425496824166	-4.440892098500626e-16	0.01401104899491945	-0.016576503175834034	0.00007000000000044408
WONB15_B5	1.0985571059300732	-1.1910444074308404	-4.440892098500626e-16	0.014880894069926764	-0.015808592569159563	0.00007000000000044408
WONB15_B13	0.9618691558087357	-1.1112903142569173	-4.440892098500626e-16	0.011274844191264344	-0.012999685743082745	0.00007000000000044408
WONB18_1	1.5312308291277423	0.4899273191301028	4.440892098500626e-16	0.019264170872257624	0.007024680869897215	0.0000699999999995559
WONB18_2	1.6000718062782535	0.44964443702571844	0	0.021374193721746426	0.006938562974281581	0.00007
WONB18_3	1.669683819173778	0.40762964923703615	4.440892098500626e-16	0.023274180826222013	0.006274350762963843	0.0000699999999995559
WONB18_5	1.501207690668593	0.31512254515239535	0	0.018655309331407022	0.0044374548476046605	0.00007
WONB18_B1	1.4815720553261453	0.42382920684693437	0	0.018594944673854696	0.00578879315306563	0.00007
WONB18_B6	1.4185347489991806	0.3067274863078334	4.440892098500626e-16	0.016287251000819403	0.004200513692166563	0.0000699999999995559
WONB18_B9	1.4691348897439118	0.24070409217107672	-4.440892098500626e-16	0.017730110256088283	0.003291907828923274	0.00007000000000044408
WONB19_B6	-2.2613096456580135	0.5659605140617769	0	-0.033823354341986356	0.009011485938223096	0.00007
WONB19_B10	-2.2564598412699546	0.6220866004067581	-4.440892098500626e-16	-0.03382015873004551	0.010089399593241843	0.00007000000000044408
WONB20_1	-0.9652200070151935	-0.4807969765419159	0	-0.007044992984806542	-0.003688023458084111	0.00007
WONB20_2	-0.9563570796298998	-0.5433023327756475	0	-0.006725920370100225	-0.004719667224352464	0.00007
WONB20_3	-0.9478059802583173	-0.6062352639321715	0	-0.006985019741682641	-0.005800736067828494	0.00007
WONB20_5	-1.0479410772228834	-0.5709314841173464	0	-0.009166922777116504	-0.005571515882653588	0.00007
WONB20_B1	-1.01248720997533	-0.4950737789879487	0	-0.008052790024670076	-0.004211221012051292	0.00007
WONB20_B6	-1.081394882523358	-0.531096697285242	0	-0.010434117476642024	-0.005330302714757984	0.00007
WONB20_B11	-1.0681616503107332	-0.6277468436285819	0	-0.010187349689266822	-0.006420156371418129	0.00007
WONB21_1	-1.9104499283738023	1.1497217703288591	0	-0.029624071626197734	0.017480229671140934	0.00007
WONB21_2	-1.882290882291614	1.1735915735968263	0	-0.029945117708386038	0.01836042640317359	0.00007
WONB21_5	-1.8631817091548961	1.0975760839738709	0	-0.029291290845103957	0.017359916026129074	0.00007
WONB21_B6	-1.8793377774054558	1.0552952382227152	0	-0.029626222594544283	0.016752761777284686	0.00007
WONB22_1	-2.0159528032541023	0.07901583833580506	4.440892098500626e-16	-0.03369819674589758	0.0021221616641949465	0.0000699999999995559
WONB22_2	-2.017855111384237	0.1234739814574804	0	-0.03405788861576298	0.002675018542519614	0.00007
WONB22_3	-2.0189448547250737	0.1681187039935806	4.440892098500626e-16	-0.03374714527492628	0.0033582960064194034	0.0000699999999995559
WONB22_B1	-1.9894835517640241	0.08911858237592347	-4.440892098500626e-16	-0.031524448235976	0.0021564176240765204	0.00007000000000044408
WONB22_B6	-1.9426650046317246	0.1148869901109485	-4.440892098500626e-16	-0.03067199536827525	0.0027450098890515057	0.00007000000000044408
WONB23_1	0.8411350353342557	1.1860205562406125	0	0.00779696466574431	0.01445844375938754	0.00007
WONB23_2	0.8873996356209783	1.246841691338424	0	0.009313364379021638	0.017377308661576052	0.00007
WONB23_5	0.9904031975181878	1.172004648549564	0	0.010650802481812272	0.015225351450435909	0.00007
WONB23_B1	0.8905713011466044	1.1487836015518544	0	0.00834869885339562	0.014686398448145566	0.00007
WONB23_B6	0.9856663267643063	1.09908064820054	-4.440892098500626e-16	0.009749673235693646	0.014082351799459936	0.00007000000000044408
WONB23_B14	1.019595005753207	1.242267935982772	0	0.011387994246792932	0.018495064017228113	0.00007
WONB25_1	-1.6086890648310845	-0.8315890009872963	0	-0.025201935168915446	-0.011802999012703763	0.00007
WONB25_2	-1.5968805456872401	-0.7827412206126594	0	-0.024413454312759875	-0.011359779387340563	0.00007
WONB25_3	-1.5845538150241156	-0.7335412633782116	0	-0.02450118497588427	-0.01044673662178841	0.00007
WONB25_B1	-1.5786606084281884	-0.849993285366284	0	-0.023634391571811575	-0.012328714633715987	0.00007
WONB25_B7	-1.511264681361307	-0.8606883182185907	0	-0.022313318638693014	-0.012339681781409317	0.00007
WONB27_1	-1.203678327528398	0.2476809083910165	0	-0.01145767247160201	0.0022710916089835054	0.00007
WONB27_2	-1.222556069657345	0.29527103861278003	0	-0.012296930342655	0.003014961387219961	0.00007
WONB27_3	-1.2420707943753575	0.34245572623009457	0	-0.013016205624642563	0.003605273769905437	0.00007
WONB27_5	-1.1475388466634802	0.3648519802697522	0	-0.010648153336519917	0.0035390197302478388	0.00007
WONB27_B1	-1.165705996665584	0.28222677160105436	0	-0.010435003334416049	0.0027192283989456167	0.00007
WONB27_B7	-1.1038866649220898	0.36909829441818554	0	-0.009517335077910305	0.0031737055818144566	0.00007
WONB27_B12	-1.1549587842763607	0.4213074734415816	0	-0.011138215723639266	0.004319526558418385	0.00007
WONB29_1	-2.213126349165774	-0.49118684150279224	0	-0.03944365083422596	-0.005983158497207763	0.00007
WONB29_3	-2.2144607599182327	-0.40151894737319493	4.440892098500626e-16	-0.03957124008176738	-0.005148052626805066	0.0000699999999995559
WONB29_B1	-2.1894623073025885	-0.485325163607341	0	-0.03684969269741156	-0.00652783639265897	0.00007
WONB2_1	0.21213190506048626	0.8505919344697196	0	0.000917094939513724	0.003911065530280422	0.00007
WONB2_2	0.18406584597197123	0.9047144200652564	0	0.0007051540280287594	0.004472579934743592	0.00007
WONB2_3	0.15612403525536683	0.9583898506782553	0	0.0005499647446331746	0.005228149321744646	0.00007
WONB2_5	0.29103623353164987	0.9815066630882714	0	0.0013257664683501424	0.00616733691172866	0.00007
WONB2_B1	0.2650208503480448	0.8890267137783704	0	0.001013149651955203	0.004780286221629626	0.00007
WONB2_B4	0.3198322778122158	0.927301147582417	0	0.0014037221877842287	0.005409852417582961	0.00007
WONB2_B8	0.35143312646148145	1.006974376019836	0	0.0015808735385185457	0.006804623980164015	0.00007
WONB32_1	-0.17136383383177833	-0.5853641937492133	0	0.0007708338317783392	-0.001128806250786707	0.00007
WONB32_2	-0.17097545823797863	-0.5202691038649689	0	0.0006604582379786395	-0.0010248961350310948	0.00007
WONB32_3	-0.1719243436195249	-0.4550094004738432	0	0.0009793436195248972	-0.0009405995261568267	0.00007
WONB32_5	-0.060251768902450466	-0.5195287382377726	0	0.0010917689024504684	-0.0005422617622273807	0.00007
WONB32_B1	-0.11659454448394266	-0.5855163233270184	0	0.0008085444839426581	-0.0010966766729816335	0.00007
WONB32_B8	-0.005184926139505303	-0.534250492038347	0	0.0012099261395053023	-0.0009055079616530071	0.00007
WONB32_B12	-0.043278482741912865	-0.45686802657062686	0	0.001292482741912862	-0.00041997342937311055	0.00007
WONB33_1	-0.6206767725102732	0.3378815335427622	0	-0.0019842274897268197	0.0015604664572378413	0.00007
WONB33_2	-0.5986463354414979	0.39210843525552586	0	-0.0020086645585021268	0.0018895647444741592	0.00007
WONB33_3	-0.5756315610571874	0.4462449474146436	0	-0.0019274389428126648	0.002408052585356424	0.00007
WONB33_5	-0.5177475229304961	0.34691800470148126	0	-0.0013244770695038932	0.001439995298518737	0.00007
WONB33_B1	-0.5824853131674277	0.315519568207434	0	-0.001499686832572289	0.0013954317925660153	0.00007
WONB33_B8	-0.48005387780316827	0.3111194073568275	0	-0.0006711221968317416	0.0014195926431724848	0.00007
WONB33_B13	-0.49484829424953475	0.4018445344740701	0	-0.0010877057504652399	0.0015604655259299216	0.00007
WONB34_1	-1.5088595458108203	0.9608526842422684	-4.440892098500626e-16	-0.022685454189179666	0.014300315757731608	0.00007000000000044408
WONB34_2	-1.5099039975628519	1.0073139050336177	4.440892098500626e-16	-0.023593002437148236	0.015026094966382297	0.0000699999999995559
WONB34_3	-1.5101881076093773	1.0536507086483917	0	-0.023211892390622824	0.01613829135160838	0.00007
WONB34_5	-1.444486037057748	1.0343642498253105	-4.440892098500626e-16	-0.021656962942252056	0.0157577501746895	0.00007000000000044408
WONB34_B1	-1.477335530037055	0.9741978924155522	0	-0.021998469962944966	0.014273107584447775	0.00007
WONB34_B8	-1.4110547181332824	1.0369071371893874	4.440892098500626e-16	-0.020777281866717567	0.016365862810612475	0.0000699999999995559
WONB34_B14	-1.4566681973308728	1.0744146435480297	0	-0.021984802669127168	0.01599335645197031	0.00007
WONB37_1	-0.42412488386268415	-1.0549055760210808	0	-0.0027041161373158595	-0.009097423978919217	0.00007
WONB37_2	-0.4024636249507616	-1.1154415428807394	0	-0.0020833750492383896	-0.009944457119260619	0.00007
WONB37_3	-0.3804150202538605	-1.1767917507656798	0	-0.002494979746139492	-0.01089524923432017	0.00007
WONB37_5	-0.5001461492510273	-1.1634967574879942	0	-0.003936850748972653	-0.011767242512005893	0.00007
WONB37_B1	-0.4751161244165398	-1.0797252141288762	0	-0.003142875583460214	-0.009240785871123869	0.00007
WONB37_B9	-0.5371261893129275	-1.1990186869575898	0	-0.004774810687072417	-0.01238831304241006	0.00007
WONB37_B13	-0.47896140621790767	-1.2244643974060831	0	-0.0041725937820923376	-0.012346602593916955	0.00007
WONB38_1	-1.6581649392784734	0.4438179846669933	0	-0.025073060721526597	0.006982015333006686	0.00007
WONB38_2	-1.6280157585924482	0.46955966264468274	0	-0.023166241407551746	0.006673337355317277	0.00007
WONB38_3	-1.5972068222628315	0.4956036786396708	-4.440892098500626e-16	-0.022717177737168415	0.0069563213603291985	0.00007000000000044408
WONB38_5	-1.6055391988141365	0.38797786408034485	0	-0.022685801185863497	0.005969135919655144	0.00007
WONB38_B1	-1.6481985109522725	0.40350141877981316	-4.440892098500626e-16	-0.023994489047727496	0.006197581220186821	0.00007000000000044408
WONB38_B9	-1.5858816947744392	0.35318890594447194	0	-0.02201030522556091	0.0055180940555280555	0.00007
WONB38_B14	-1.5809261590899504	0.42592215916116527	0	-0.022464840910049633	0.006154840838834719	0.00007
WONB3_5	-1.4198521800436532	-0.2936609059306666	0	-0.017776819956346834	-0.00320309406933339	0.00007
WONB3_B4	-1.4339225023797142	-0.24629157146853076	0	-0.017992497620285874	-0.0023944285314692337	0.00007
WONB3_B9	-1.4491043480580361	-0.3263632950622487	0	-0.018768651941963865	-0.0030067049377512922	0.00007
WONB40_1	-2.0027543208639798	-1.0018385527310494	0	-0.03476367913602019	-0.015407447268950714	0.00007
WONB40_2	-2.013359956734385	-0.9566467056676351	0	-0.034939043265615144	-0.01434929433236487	0.00007
WONB40_3	-2.025613349107636	-0.9122448410080916	0	-0.03411465089236376	-0.01375415899190846	0.00007
WONB40_B10	-1.941436959855838	-0.8774788341952421	-4.440892098500626e-16	-0.030989040144161928	-0.012669165804757965	0.00007000000000044408
WONB40_B13	-1.9710390112356597	-0.873338584941273	0	-0.03151698876434006	-0.013241415058727002	0.00007
WONB42_1	-0.8200846730762291	1.177697632567387	0	-0.010553326923770867	0.0145013674326131	0.00007
WONB42_2	-0.8168475987325853	1.2306402843143633	0	-0.01072140126741472	0.015291715685636698	0.00007
WONB42_3	-0.8139772935501719	1.2834947635156722	0	-0.011076706449828055	0.016592236484327838	0.00007
WONB42_5	-0.7350368620358312	1.2556286527823544	0	-0.009160137964168813	0.015732347217645604	0.00007
WONB42_B1	-0.7806099441502407	1.1900123749991416	-4.440892098500626e-16	-0.010076055849759347	0.014553625000858439	0.00007000000000044408
WONB43_1	0.09485154614017255	-1.219780051897472	0	0.00013545385982745295	-0.011048948102527989	0.00007
WONB43_2	0.058723968427034735	-1.1602406189068695	-4.440892098500626e-16	0.0012900315729652626	-0.00930238109313053	0.00007000000000044408
WONB43_3	0.022495816836080377	-1.1011891724027143	-4.440892098500626e-16	0.0008031831639196234	-0.008531827597285657	0.00007000000000044408
WONB43_5	0.15331944079435939	-1.0864060446504864	4.440892098500626e-16	0.001587559205640604	-0.007498955349513503	0.0000699999999995559
WONB43_B1	0.14102862772389924	-1.1840781026211158	0	0.0018713722761007634	-0.010346897378884279	0.00007
WONB43_B11	0.15458851710325341	-1.0165350787698526	0	0.001502482896746593	-0.00604992123014747	0.00007
WONB43_B14	0.10295214972990022	-1.0427404938977058	0	0.0009268502700997827	-0.006813506102294253	0.00007
WONB44_1	-2.1192068928308716	0.7662393919228191	0	-0.03404010716912831	0.012069608077180938	0.00007
WONB44_2	-2.1248161622277775	0.8053325757759586	0	-0.03370683777222272	0.012893424224041383	0.00007
WONB44_3	-2.1308555128600695	0.8438467050256054	0	-0.03345548713993063	0.013320294974394575	0.00007
WONB44_5	-2.0744012149127005	0.8442333769579176	0	-0.0324667850872995	0.013197623042082496	0.00007
WONB44_B11	-2.0622514054505032	0.8865759688614612	4.440892098500626e-16	-0.03198259454949692	0.013838031138538875	0.0000699999999995559
WONB44_B15	-2.098837668962102	0.8682804609041244	0	-0.032110331037897843	0.014082539095875646	0.00007
WONB46_3	-1.1172477828956446	-1.2828921714147745	0	-0.016260217104355323	-0.018782828585225397	0.00007
WONB47_1	-1.2394907495904353	0.6809645610253792	0	-0.015540250409564749	0.008900438974620783	0.00007
WONB47_2	-1.2434486299447558	0.7301055516834867	4.440892098500626e-16	-0.01610037005524423	0.009634448316513278	0.0000699999999995559
WONB47_3	-1.248381495437845	0.7789357692774725	-4.440892098500626e-16	-0.016091504562155023	0.009943230722527452	0.00007000000000044408
WONB47_5	-1.1706575700892967	0.7633306381610845	0	-0.015002429910703219	0.009505361838915483	0.00007
WONB47_B2	-1.1923759102056264	0.7055914286871486	0	-0.014254089794373703	0.008690571312851336	0.00007
WONB47_B5	-1.154282233763009	0.7218392628105548	-4.440892098500626e-16	-0.013010766236990934	0.009087737189445222	0.00007000000000044408
WONB47_B9	-1.1349272260907595	0.7909593668455338	0	-0.013447773909240457	0.009633633154466192	0.00007
WONB4_2	-1.8883891437100042	-0.3763621831407755	0	-0.03056785628999581	-0.004841816859224468	0.00007
WONB4_5	-1.8307201986376647	-0.3837108462307719	0	-0.02827480136233529	-0.00470015376922811	0.00007
WONB4_B1	-1.8664844767486524	-0.42816520243766565	-4.440892098500626e-16	-0.029201523251347616	-0.005547797562334367	0.00007000000000044408
WONB4_B4	-1.8370202355807377	-0.4322316890546518	4.440892098500626e-16	-0.028179764419262288	-0.005532310945348173	0.0000699999999995559
WONB4_B10	-1.8016910988620922	-0.3607023286958617	4.440892098500626e-16	-0.02705490113790776	-0.0048796713041383	0.0000699999999995559
WONB5_1	-1.8493943897029257	0.6900049841802055	0	-0.02879361029707428	0.010949015819794461	0.00007
WONB5_2	-1.8324152559513005	0.6597110741324849	-4.440892098500626e-16	-0.028092744048699547	0.010699925867515114	0.00007000000000044408
WONB5_3	-1.8150036208697138	0.6290783545790494	-4.440892098500626e-16	-0.02694737913028611	0.010242645420950658	0.00007000000000044408
WONB5_5	-1.87999262392305	0.5913476778322752	0	-0.02976937607694996	0.00920532216772485	0.00007
WONB5_B1	-1.8734849353351333	0.6558483237414927	0	-0.02925906466486672	0.010272676258507252	0.00007
WONB5_B4	-1.896809428757983	0.6219201514266408	0	-0.030043571242016842	0.009987848573359215	0.00007
WONB6_2	2.017422122264362	-0.6741837970948625	0	0.03215587773563788	-0.010129202905137413	0.00007
WONB6_3	1.9467741769596958	-0.6110978432622343	0	0.031018823040304122	-0.011025156737765718	0.00007
WONB6_B1	2.156128374773339	-0.6788975857242964	-4.440892098500626e-16	0.03379462522666099	-0.010276414275703583	0.00007000000000044408
WONB8_1	0.6441625158530863	0.4233526768147414	0	0.0016374841469137813	0.0017043231852585938	0.00007
WONB8_2	0.6830437042863169	0.48437365232396035	4.440892098500626e-16	0.002411295713683148	0.001963347676039673	0.0000699999999995559
WONB8_3	0.7230519862426642	0.545504359294318	0	0.0027160137573357668	0.0023276407056820325	0.00007
WONB8_5	0.7939645598456697	0.4155455748438106	0	0.003245440154330259	0.0019384251561894161	0.00007
WONB8_B1	0.6968443142219276	0.3901332107352573	-4.440892098500626e-16	0.0022506857780724143	0.001768789264742665	0.00007000000000044408
WONB8_B4	0.7520319049462544	0.3548689854291748	0	0.0027550950537456043	0.0017040145708251964	0.00007
WONB8_B14	0.8152287243401637	0.4844424471039326	0	0.003098275659836336	0.0028445528960674427	0.00007
WONB9_1	-0.46752615016032323	0.9231271789218329	0	-0.002971849839676799	0.00677482107816707	0.00007
WONB9_2	-0.45402930842016387	0.9823473974144667	0	-0.003449691579836156	0.007470602585533226	0.00007
WONB9_3	-0.4410903505428859	1.0420359981217924	0	-0.003608649457114088	0.008619001878207522	0.00007
WONB9_5	-0.3597111848431427	0.9700353761762154	0	-0.002237815156857337	0.00661262382378458	0.00007
WONB9_B1	-0.42143216523853677	0.9168239933026544	0	-0.002846834761463246	0.006152006697345613	0.00007
WONB9_B4	-0.3738906611800196	0.9101218782304492	-4.440892098500626e-16	-0.002044338819980396	0.00568312176955077	0.00007000000000044408
WONB9_B15	-0.3797188763337405	1.0313334986996445	0	-0.0028701236662594942	0.008008501300355464	0.00007