WONB3	-0.12441628316055814	-0.5447932979622547	0	-0.0025997168394418513	0.0004312979622547175	0.00007
WONB4	-0.4834522866772972	-1.1964611991631087	0	-0.005099713322702759	-0.0004138008368912427	0.00007
WONB5	-1.4567306012572445	-0.587298654010783	0	-0.0015053987427555704	-0.006094345989216987	0.00007
WONB9	-0.27115242531648454	1.1167568995977568	0	-0.0018895746835154714	0.0006351004022431272	0.00007
WONB11	1.5265635815101861	-0.8720125820263608	0	0.004361418489813973	-0.008039417973639162	0.00007
WONB13	0.701626717333514	1.1328994375689458	0	0.003821282666485959	0.0049805624310541585	0.00007
WONB14	-1.3202585200095038	1.2227883473057766	0	-0.005349479990496064	0.007741652694223333	0.00007
WONB15	2.026529099206755	1.0255392712001943	0	0.0017739007932453532	0.011876728799805614	0.00007
WONB19	-1.996174393167937	-1.228069792329057	0	-0.0011576068320631183	-0.009457207670942935	0.00007
WONB20	0.6139174060853514	-0.08483651964565381	0	0.003479593914648582	-0.001410480354346197	0.00007
WONB21	-1.9992813106398442	-0.27759319101195157	4.440892098500626e-16	0.0002853106398441607	-0.00419180898804844	0.0000699999999995559
WONB22	-1.1194305972695524	-1.0647943777350364	0	-0.006119402730447643	-0.006027622264963561	0.00007
WONB25	0.16131904987271273	-1.0578918176421122	0	-0.0012310498727127195	0.0006538176421122532	0.00007
WONB27	-0.24241137435080665	0.20432207923594087	0	0.003476374350806638	-0.001100079235940854	0.00007
WONB32	1.0071423366210839	0.5443170446505645	0	0.0010136633789161742	0.004618955349435461	0.00007
WONB33	0.06085750317923273	0.6397152954812355	0	-0.0013615031792327328	0.0003347045187644948	0.00007
WONB34	-1.3923369917065882	0.10539378753707862	0	0.0006979917065881303	0.001003212462921385	0.00007
WONB35	2.045554785806289	0.2569461293800906	0	0.0009602141937108399	0.0042658706199094065	0.00007
WONB37	1.232735211306922	-0.05039292781508037	0	0.0003717886930778569	0.00005792781508037054	0.00007
WONB38	-0.9811970259178413	-0.4107821102383993	0	-0.00002697408215868169	-0.0017668897616007206	0.00007
WONB41	-2.0617166255240766	1.0361490585210313	0	-0.0011673744759232996	0.010894941478968745	0.00007
WONB42	-0.8244264459153368	0.9507845050214037	0	-0.002996554084663261	0.00305049497859633	0.00007
WONB43	1.5405821270507627	0.43120340614947533	0	0.0016078729492372545	0.0057055938505246595	0.00007
WONB44	-1.9790028881645298	-0.7767773118659024	4.440892098500626e-16	-0.0005151118354702611	-0.010172688134097663	0.0000699999999995559
WONB45	1.9584711848058398	-0.49058733842148394	0	0.0018948151941602376	-0.0075286615785160604	0.00007
WONB46	0.957992725367639	-0.8379377798459756	0	0.0022352746323609507	-0.005069220154024334	0.00007
WONB47	-0.8321274231893534	0.23550637715724027	0	0.0006234231893533781	0.0012396228427597467	0.00007
WONB48	-1.4607568159890079	0.7112791235442875	0	-0.0011021840109921577	0.007621876455712551	0.00007
WONB49	-2.0582828972045246	0.37482190611661353	-4.440892098500626e-16	-0.000018102795475538613	0.005392093883386462	0.00007000000000044408
WONB11_1	1.488546195239959	-0.8060080953441897	0	0.004259804760041064	-0.008344904655810281	0.00007
WONB11_2	1.5422917498961632	-0.8202869678358852	0	0.004619250103836681	-0.009422032164114857	0.00007
WONB11_3	1.5958561514297704	-0.8341898244660724	-4.440892098500626e-16	0.004325848570229551	-0.007655175533927583	0.00007000000000044408
WONB11_5	1.5104041930156256	-0.9236604600232553	0	0.004764806984374426	-0.009151539976744671	0.00007
WONB11_B1	1.4733671430568875	-0.8582707885637433	0	0.003920856943112394	-0.008397211436256713	0.00007
WONB11_B5	1.4553329351932665	-0.9273863635457218	0	0.004899064806733522	-0.008639636454278232	0.00007
WONB11_B9	1.5075702064215972	-0.976508489792617	0	0.005669793578402693	-0.009223510207383101	0.00007
WONB13_1	0.6611820914993601	1.0606716891761603	4.440892098500626e-16	0.002823908500639849	0.003972310823839642	0.0000699999999995559
WONB13_2	0.6468173933385939	1.1161841732944504	0	0.004014606661406073	0.0050348267055495555	0.00007
WONB13_3	0.632465087492458	1.1722201191666477	0	0.004019912507541967	0.0045408808333522455	0.00007
WONB13_5	0.756668849280383	1.1496708898731056	-4.440892098500626e-16	0.004570150719616972	0.0047181101268944925	0.00007000000000044408
WONB13_B1	0.7161426948771225	1.0772999122059936	0	0.004093305122877533	0.00491608779400643	0.00007
WONB13_B5	0.7878939791941044	1.1018942942070038	0	0.004623020805895606	0.005135705792996159	0.00007
WONB13_B11	0.7793143781471746	1.2035746488884673	0	0.0053536218528253965	0.005098351111532784	0.00007
WONB14_1	-1.320328667191364	1.1415297443003025	0	-0.004708332808635918	0.008260255699697572	0.00007
WONB14_2	-1.358097671639821	1.183435336714561	0	-0.004883328360179018	0.007819663285439038	0.00007
WONB14_3	-1.3954025865955941	1.2251408110025575	0	-0.005862413404405853	0.008110188997442647	0.00007
WONB14_5	-1.2803878062002576	1.2612973196152475	0	-0.005881193799742501	0.00745368038475247	0.00007
WONB14_B1	-1.2827992633475593	1.1810694501170222	0	-0.004858736652440632	0.007766549882977758	0.00007
WONB14_B5	-1.2320581684607332	1.2343244037214018	0	-0.00581683153926682	0.007175596278598206	0.00007
WONB15_1	2.0989730780664493	0.9889205471141542	0	0.0017219219335506963	0.012020452885845856	0.00007
WONB15_2	2.041812764071201	0.970067589362349	0	0.0023792359287986287	0.012994410637650944	0.00007
WONB15_3	1.9849851488002337	0.9509148969850383	0	0.002505851199766207	0.0113521030149617	0.00007
WONB15_B1	2.083936519135509	1.0447831858848808	4.440892098500626e-16	0.0021694808644912023	0.012113814115119137	0.0000699999999995559
WONB15_B13	1.9520886601978913	1.0613527575396973	0	0.00161233980210862	0.010799242460302727	0.00007
WONB19_2	-2.018194023201193	-1.2717221299154018	0	-0.0009579767988072696	-0.008855870084598205	0.00007
WONB19_B6	-1.9207672438758376	-1.1745820082365557	4.440892098500626e-16	-0.0009967561241623901	-0.009738991763444282	0.0000699999999995559
WONB20_1	0.583900145956956	-0.007953262329104163	0	0.0036568540430439445	-0.0010967376708958376	0.00007
WONB20_2	0.6377947582309094	-0.031554597712161195	0	0.003700241769090673	-0.0014584022878388059	0.00007
WONB20_3	0.6920470320533064	-0.05494498337184606	0	0.0037909679466935353	-0.001340016628153945	0.00007
WONB20_5	0.5898315963367025	-0.1379367367948201	0	0.0035514036632975365	-0.001546263205179893	0.00007
WONB20_B1	0.5599388850036722	-0.06150304184650901	0	0.0034781149963277747	-0.0014729581534909941	0.00007
WONB20_B6	0.5327503175434627	-0.1523635699250509	0	0.003370682456537266	-0.0016444300749491048	0.00007
WONB20_B11	0.6170864964686748	-0.18900483101852703	-4.440892098500626e-16	0.0035725035313252107	-0.0017411689814729736	0.00007000000000044408
WONB21_1	-2.0623876991747214	-0.3135687678087397	0	-0.0004833008252784765	-0.00645423219126029	0.00007
WONB21_3	-2.0383438833050462	-0.2134406785800672	0	-0.000041116694953657884	-0.003902321419932797	0.00007
WONB21_B1	-2.0114212850795368	-0.3275138902604121	0	0.0000022850795367013177	-0.004910109739587887	0.00007
WONB21_B6	-1.924688087252507	-0.33878717977100953	0	-0.00015191274749315475	-0.005499820228990482	0.00007
WONB22_1	-1.0959909694835028	-1.1347330724673093	0	-0.005822030516497101	-0.0050989275326907	0.00007
WONB22_2	-1.1425494114891235	-1.1097933327013227	0	-0.005336588510876483	-0.005064667298677161	0.00007
WONB22_3	-1.1892780591771221	-1.0842250342635278	0	-0.005187940822877879	-0.006242965736472206	0.00007
WONB22_5	-1.0956427045196864	-1.019577162636995	4.440892098500626e-16	-0.005365295480313614	-0.00537283736300509	0.0000699999999995559
WONB22_B1	-1.0733840479332317	-1.0904678322724937	0	-0.006127952066768305	-0.005028167727506361	0.00007
WONB22_B6	-1.0450446624774197	-1.0116457417503848	0	-0.005547337522580298	-0.0052242582496151435	0.00007
WONB22_B13	-1.1422197337562896	-0.9946103117876522	0	-0.005333266243710444	-0.005075688212347718	0.00007
WONB25_1	0.14924289451146944	-1.1298451890968564	0	-0.0009288945114694358	0.00035718909685633626	0.00007
WONB25_2	0.11864519481290567	-1.0871919943312496	0	-0.0013621948129056705	0.0010099943312495974	0.00007
WONB25_3	0.08783543469678255	-1.0441832060004252	0	-0.001811434696782549	0.0012202060004251614	0.00007
WONB25_5	0.20432800849261928	-1.0275984233828663	0	-0.0009200084926192786	0.000689423382866261	0.00007
WONB25_B1	0.19210361596362033	-1.1007225824306694	0	-0.0008586159636203294	0.0009525824306695352	0.00007
WONB25_B7	0.25698401076417465	-1.024760830293315	0	-0.001024010764174632	-0.00020816970668491308	0.00007
WONB25_B10	0.2241143740107806	-0.9788093289301861	4.440892098500626e-16	-0.00134637401078061	0.0009193289301860919	0.0000699999999995559
WONB27_1	-0.19045151576371905	0.14039018770511055	0	0.0031065157637190366	-0.0009561877051105505	0.00007
WONB27_2	-0.24807047548039515	0.14660376895989438	0	0.0033114754803951485	-0.0010377689598943807	0.00007
WONB27_3	-0.30566903124740097	0.15275405114739765	0	0.0034830312474009584	-0.0009820511473976612	0.00007
WONB27_5	-0.23663998298116637	0.2623325341542547	0	0.003371982981166366	-0.0010575341542547467	0.00007
WONB27_B1	-0.1847473808956577	0.19823593931825598	0	0.003353380895657704	-0.0008299393182559789	0.00007
WONB27_B7	-0.20085864232536577	0.30820360643913347	0	0.0034036423253657744	-0.0011996064391334715	0.00007
WONB27_B12	-0.2894918169430923	0.28702087862210285	0	0.0035978169430923024	-0.0012528786221028265	0.00007
WONB30_3	0.6002597333774514	-1.266858706676277	0	0.0032122666225485874	-0.001273293323722946	0.00007
WONB30_B15	0.6711622754886357	-1.2714656747526925	0	0.004354724511364316	-0.002667325247307506	0.00007
WONB32_1	1.0184271104810696	0.46660722642970276	4.440892098500626e-16	0.0007168895189304525	0.005062773570297219	0.0000699999999995559
WONB32_2	0.9732260680589377	0.49901013161578367	0	0.0005509319410622604	0.004177868384216299	0.00007
WONB32_3	0.9279683546085649	0.5315815730050949	0	0.0005776453914351221	0.00397642699490508	0.00007
WONB32_5	1.0412839679626085	0.5900419954048706	0	0.0017060320373916138	0.0054240045951294835	0.00007
WONB32_B1	1.0525523654297915	0.511993494666519	0	0.001419634570208439	0.0044965053334810046	0.00007
WONB32_B8	1.0849036793375275	0.6271840251034884	0	0.002310320662472387	0.0061509748965116184	0.00007
WONB32_B12	1.009959690592586	0.6360038120507878	0	0.0016693094074138326	0.005851187949212133	0.00007
WONB33_1	0.034438696462487886	0.5656282685889896	-4.440892098500626e-16	-0.0016206964624878861	0.00048373141101032413	0.00007000000000044408
WONB33_2	0.0113195472335004	0.6159764773709588	0	-0.0013815472335004	0.00031252262904113426	0.00007
WONB33_3	-0.011389740373755876	0.6666026492707657	0	-0.0014842596262441242	0.0002413507292342576	0.00007
WONB33_5	0.11036668728586319	0.663076130560199	0	-0.0012056872858631912	-0.00014613056019896487	0.00007
WONB33_B1	0.08360649828195954	0.5890110911660325	0	-0.0015284982819595422	0.00008790883396758709	0.00007
WONB33_B8	0.1642910955352988	0.674370147838522	0	-0.0013650955352988159	0.00018485216147801076	0.00007
WONB33_B13	0.08769752138756708	0.7139365294674426	0	-0.0010665213875670765	0.00015247053255740273	0.00007
WONB34_1	-1.3716456331502873	0.032930968887559565	0	0.0008606331502873932	0.00045703111244043554	0.00007
WONB34_2	-1.4177645252328128	0.06064219573748223	0	0.001108525232812907	0.0009158042625177706	0.00007
WONB34_3	-1.4638563547117664	0.08859142206921754	0	0.0010773547117663984	0.0010925779307824623	0.00007
WONB34_5	-1.3656910623770477	0.1505287913608634	0	0.0010770623770477439	0.0018352086391366096	0.00007
WONB34_B1	-1.346007979337281	0.07747447408827325	-4.440892098500626e-16	0.0009369793372810964	0.0010875259117267555	0.00007000000000044408
WONB34_B8	-1.3294083951075442	0.18833569186921578	4.440892098500626e-16	0.0011013951075442563	0.00224730813078422	0.0000699999999995559
WONB34_B14	-1.418474336212153	0.16206445527608004	-4.440892098500626e-16	0.001220336212153006	0.0021265447239199597	0.00007000000000044408
WONB35_1	2.0358602849098446	0.17850251197318381	0	0.0013867150901551994	0.004070488026816199	0.00007
WONB35_3	1.9634619952042676	0.26258513716979803	0	0.00119100479573242	0.004478862830201991	0.00007
WONB35_5	2.0899719509419654	0.2935300569343461	0	0.0007230490580347748	0.004151943065653918	0.00007
WONB35_B1	2.081118921993611	0.21469536739676984	0	0.0009040780063891418	0.0033286326032301583	0.00007
WONB35_B8	2.1413739039348982	0.3199518131123026	0	0.0017090960651016118	0.0061221868876973895	0.00007
WONB35_B15	2.026499968234624	0.3088592161605739	0	0.0006620317653762697	0.006088783839426126	0.00007
WONB37_1	1.1872547997462266	0.013938492554389042	0	-0.0005067997462266938	0.00033250744561095884	0.00007
WONB37_2	1.2425306478659162	0.0034298818818854823	-4.440892098500626e-16	-0.0004276478659162031	-0.00004488188188548226	0.00007000000000044408
WONB37_3	1.2982078922034523	-0.007001931730631646	-4.440892098500626e-16	0.0003561077965477111	-0.0003850682693683546	0.00007000000000044408
WONB37_5	1.2210938966224785	-0.10376233291818052	0	0.00023110337752152432	-0.000844667081819489	0.00007
WONB37_B1	1.1772117841969514	-0.039987057394596306	0	-0.0007887841969513865	0.0004190573945963075	0.00007
WONB37_B9	1.2215462192062014	-0.1575636534359722	0	0.0004247807937984849	-0.0016383465640278094	0.00007
WONB37_B13	1.2767880490182604	-0.11422100916834702	0	0.0006299509817395688	-0.0010359908316529831	0.00007
WONB38_1	-1.0416398130719975	-0.4514932705070171	4.440892098500626e-16	-0.0007351869280025625	-0.002416729492982883	0.0000699999999995559
WONB38_2	-1.0327291629694835	-0.4001995616721608	0	-0.000344837030516576	-0.0019964383278391895	0.00007
WONB38_3	-1.0237901449358076	-0.34867950067945785	0	-0.00005185506419236319	-0.0018884993205421363	0.00007
WONB38_5	-0.9291354628498845	-0.4208210196088972	0	-0.0006255371501154849	-0.0015779803911028512	0.00007
WONB38_B1	-0.9903495891497762	-0.462131922058531	0	-0.0008444108502237979	-0.0018550779414689966	0.00007
WONB38_B9	-0.8760306767065549	-0.4189262458991781	0	-0.000695323293445127	-0.0011787541008219105	0.00007
WONB38_B14	-0.9378320008879943	-0.3690901077458571	0	-0.00036799911200569024	-0.0011748922541429119	0.00007
WONB3_1	-0.16565683827839114	-0.4813026806891679	0	-0.0025051617216088617	0.00017268068916792556	0.00007
WONB3_2	-0.11344912211751197	-0.49321486878550225	-4.440892098500626e-16	-0.00251887788248803	0.00031986878550221975	0.00007000000000044408
WONB3_3	-0.06134651824869605	-0.5045383852945595	0	-0.002570481751303949	0.0006693852945595102	0.00007
WONB3_5	-0.1354630824288211	-0.5963893011592951	0	-0.002588917571178906	0.0007563011592951474	0.00007
WONB3_B1	-0.17657347908772938	-0.5333153633085713	4.440892098500626e-16	-0.0026215209122706085	0.000709363308571298	0.0000699999999995559
WONB3_B4	-0.1875229794877432	-0.5848736101528833	0	-0.002591020512256792	0.0006516101528832863	0.00007
WONB3_B9	-0.1343108340449443	-0.6489803771943085	4.440892098500626e-16	-0.002629165955055718	0.0007703771943085025	0.0000699999999995559
WONB41_1	-2.1295709571116896	1.0034845987100875	0	9.571116894591114e-7	0.01105440128991253	0.00007
WONB41_2	-2.1127523969681863	1.054707374103305	0	-0.0008896030318137349	0.009585625896694872	0.00007
WONB41_3	-2.0969405164188104	1.1076846941929717	0	-0.0007574835811894332	0.01053330580702827	0.00007
WONB42_1	-0.8120433364584438	0.8718411907785563	0	-0.001972663541556119	0.002678809221443701	0.00007
WONB42_2	-0.8555283618265446	0.9051380195832625	0	-0.0027576381734554234	0.00299098041673751	0.00007
WONB42_3	-0.8992079984233973	0.9383872176818117	0	-0.0026300015766027585	0.0031837823181883884	0.00007
WONB42_5	-0.792944335927166	0.9964812158450227	0	-0.0031526640728340993	0.002754784154977319	0.00007
WONB42_B1	-0.781195817647913	0.917149149758125	0	-0.002666182352086932	0.0030558502418750466	0.00007
WONB42_B10	-0.7890620673502973	1.0530917458926417	0	-0.003864932649702779	0.0027612541073582797	0.00007
WONB42_B15	-0.8555569047476362	0.9972368103627159	-4.440892098500626e-16	-0.003215095252363742	0.004008189637283999	0.00007000000000044408
WONB43_1	1.5950040837658885	0.3750228207837452	4.440892098500626e-16	0.0014939162341114365	0.005344179216254796	0.0000699999999995559
WONB43_2	1.537845261828158	0.37516484197212163	0	0.0012787381718419866	0.005699158027878348	0.00007
WONB43_3	1.4802971043715454	0.3749636889373349	0	0.0019998956284545955	0.005005311062665108	0.00007
WONB43_5	1.542545842179267	0.4875370640046358	0	0.0021111578207329007	0.006558935995364168	0.00007
WONB43_B1	1.5984650946549814	0.43099612378468016	0	0.0018699053450186298	0.005262876215319845	0.00007
WONB43_B11	1.4985366033597567	0.5223316427053668	0	0.0018223966402433067	0.006206357294633147	0.00007
WONB43_B14	1.4873321619192597	0.4688267232515893	0	0.0017318380807402889	0.0067052767484107045	0.00007
WONB44_1	-1.943096776624179	-0.8419286584340149	4.440892098500626e-16	-0.0010902233758212088	-0.010858341565985086	0.0000699999999995559
WONB44_3	-2.0429294336742574	-0.807134070120513	0	-0.00013856632574249517	-0.01130992987948698	0.00007
WONB44_5	-1.963184009792057	-0.7278466307070716	0	-0.0012739902079430543	-0.010684369292928486	0.00007
WONB44_B11	-1.9926441334055922	-0.6844455433457802	0	-0.0012478665944077871	-0.00927845665421978	0.00007
WONB44_B15	-2.021565525869926	-0.7443677405669693	4.440892098500626e-16	-0.0005134741300740764	-0.010172259433030684	0.0000699999999995559
WONB45_1	1.8780954088359065	-0.506559980817783	0	0.0025665911640935235	-0.006592019182217079	0.00007
WONB45_2	1.9107253460196456	-0.46088871461289516	0	0.0019446539803544827	-0.006342285387104851	0.00007
WONB45_3	1.9434490703082525	-0.4154693349789553	0	0.0016879296917473585	-0.004291665021044722	0.00007
WONB45_5	2.0053267862475184	-0.5198549480892958	0	0.0017592137524817808	-0.007008051910704194	0.00007
WONB45_B1	1.9264047488066265	-0.5364076601246112	-4.440892098500626e-16	0.0026582511933734843	-0.007975339875388787	0.00007000000000044408
WONB45_B12	2.051639578326512	-0.48653163810481476	0	0.0021614216734882064	-0.007793361895185258	0.00007
WONB45_B15	2.004793639833034	-0.45743913785045404	0	0.0007983601669661056	-0.007157862149545946	0.00007
WONB46_1	0.9106032307881402	-0.8969177825677697	0	0.003184769211859839	-0.00409621743223032	0.00007
WONB46_2	0.9034101401223221	-0.8450142791033932	0	0.0023848598776778918	-0.003986720896606788	0.00007
WONB46_3	0.8958298955670913	-0.7927226496983528	0	0.0017731044329087897	-0.0041723503016471986	0.00007
WONB46_5	1.0126105325052437	-0.83008444244185	0	0.003074467494756261	-0.005178557558149999	0.00007
WONB46_B2	0.9827328488086939	-0.8848143933579296	0	0.003176151191306098	-0.004817606642070427	0.00007
WONB46_B5	1.037126712624952	-0.876650406985809	0	0.0034532873750481308	-0.005256593014191013	0.00007
WONB46_B8	1.0676150665988062	-0.834365624826561	0	0.002796933401193691	-0.006336375173438991	0.00007
WONB47_1	-0.8068647631450496	0.162953935247746	0	0.0006157631450496304	0.0006910647522540003	0.00007
WONB47_2	-0.854995351577379	0.1876255785979085	0	0.0006863515773790629	0.0010524214020915246	0.00007
WONB47_3	-0.9033718088057481	0.2118680417449136	0	0.0006468088057480781	0.0011189582550863997	0.00007
WONB47_5	-0.8085628981026199	0.2835665538080601	0	0.0004958981026199627	0.0009604461919398566	0.00007
WONB47_B2	-0.7790527353691737	0.2277798361686613	0	0.000694735369173749	0.000935163831338709	0.00007
WONB47_B5	-0.7552389302635377	0.27610928608702046	4.440892098500626e-16	0.00040593026353774597	0.0007927139129795258	0.0000699999999995559
WONB47_B9	-0.7965923662736952	0.33623661251117026	4.440892098500626e-16	0.00029336627369525026	0.0013683874888297254	0.0000699999999995559
WONB48_1	-1.4221555250049362	0.6431030555550199	0	-0.0006154749950637584	0.0064759444449801196	0.00007
WONB48_2	-1.4736834449360792	0.6585049940081953	0	-0.0006675550639207994	0.00730200599180475	0.00007
WONB48_3	-1.5254668453420097	0.6739952981498579	0	0.00001384534200976617	0.007042701850142108	0.00007
WONB48_5	-1.4463043060622893	0.7638821804399071	0	-0.0010346939377106068	0.007386819560092905	0.00007
WONB48_B2	-1.407002547409739	0.7138110044831533	0	-0.0006164525902609963	0.00606799551684678	0.00007
WONB48_B5	-1.392340470703646	0.7664309895002686	0	-0.0011155292963540564	0.006696010499731453	0.00007
WONB48_B10	-1.461841954522073	0.8168015483520839	0	-0.001299045477926919	0.007896451647916192	0.00007
WONB49_1	-2.1297128210334035	0.3992841143903197	0	0.0006918210334037056	0.005950885609680323	0.00007
WONB49_2	-2.0832746707883025	0.4226180903587227	0	-0.000018329211697309944	0.008360909641277281	0.00007
WONB49_3	-2.0366421049981236	0.4464819145340108	0	0.0003341049981235855	0.007137085465989179	0.00007
WONB49_5	-2.0322869699260213	0.32676321866507135	-4.440892098500626e-16	0.0007979699260212136	0.006177781334928634	0.00007000000000044408
WONB49_B2	-2.0937298005588643	0.3369816922526199	0	0.0005978005588640478	0.005923307747380091	0.00007
WONB49_B5	-2.067306749193292	0.2889065662586841	0	-0.00041125080670800784	0.004606433741315918	0.00007
WONB49_B11	-1.9792011275119907	0.3155709377990247	0	0.0006711275119908322	0.005337062200975351	0.00007
WONB4_1	-0.47814783286633694	-1.269574831471831	4.440892098500626e-16	-0.005397167133663061	-0.0004941685281689701	0.0000699999999995559
WONB4_2	-0.5171936437105588	-1.2339675028939106	0	-0.005112356289441289	-0.0008354971060895444	0.00007
WONB4_3	-0.5563197116157882	-1.198466232434647	0	-0.005359288384211847	-0.0008777675653530714	0.00007
WONB4_5	-0.4493109123933488	-1.1583785844963443	4.440892098500626e-16	-0.00451008760665117	-0.00014241550365556854	0.0000699999999995559
WONB4_B1	-0.4445146705272293	-1.232088974980851	4.440892098500626e-16	-0.004909329472770674	0.0000619749808510317	0.0000699999999995559
WONB4_B4	-0.4103197931191842	-1.1940613700808835	0	-0.004062206880815766	-0.00012462991911643684	0.00007
WONB4_B10	-0.4412040016276816	-1.106657989311145	0	-0.004370998372318413	-0.000337010688854944	0.00007
WONB5_1	-1.514219270162178	-0.538591838889142	0	-0.0010357298378220747	-0.006484161110858033	0.00007
WONB5_2	-1.4618574821205643	-0.5357061396041796	0	-0.001210517879435713	-0.00514186039582043	0.00007
WONB5_3	-1.409567330187177	-0.5329429343686959	0	-0.0013006698128230632	-0.004988065631304162	0.00007
WONB5_5	-1.451475083522085	-0.638931621037253	0	-0.0017079164779147948	-0.006405378962747066	0.00007
WONB5_B1	-1.5090582009501803	-0.590199720484012	0	-0.0014427990498198096	-0.006588279515987949	0.00007
WONB5_B4	-1.5037195175163067	-0.6414998277425935	-4.440892098500626e-16	-0.0015674824836933166	-0.007093172257406466	0.00007000000000044408
WONB5_B11	-1.407434554746019	-0.6688358653308134	0	-0.001541445253981033	-0.006246134669186554	0.00007
WONB9_1	-0.28114130178478436	1.035570051592773	0	-0.0024416982152156153	0.00005494840722697347	0.00007
WONB9_2	-0.3148184314157214	1.0814794019874097	0	-0.0023015685842786016	0.00044159801259024967	0.00007
WONB9_3	-0.3487972009938647	1.1276847510787265	0	-0.002864799006135288	0.0008852489212736181	0.00007
WONB9_5	-0.2270739919696671	1.1519805318109033	-4.440892098500626e-16	-0.001984008030332912	0.0008354681890967441	0.00007000000000044408
WONB9_B1	-0.23738582263778277	1.070811649904371	0	-0.001884177362217243	0.00041735009562904324	0.00007
WONB9_B4	-0.19360999536115547	1.1058616480786272	0	-0.0021200046388445137	-0.00016964807862729359	0.00007
WONB9_B15	-0.28876746594302727	1.1721077378473188	0	-0.0024235340569727093	0.00030126215268122536	0.00007