WONB3	-0.8768962008667224	0.09393172472533946	0	0.00021920086672233552	0.0005012752746605398	0.00007
WONB4	-0.47204310591289356	0.7819863058340739	4.440892098500626e-16	-0.002661894087106431	0.0011256941659261166	0.0000699999999995559
WONB5	0.547860581341831	0.1529121334766113	-4.440892098500626e-16	-0.00035758134183105916	0.000266866523388698	0.00007000000000044408
WONB17	0.5124701718106677	1.294298862304965	0	0.003893828189332371	0.0029841376950350273	0.00007
WONB19	1.1112133089181848	0.8247370404793513	0	0.0017666910818152637	0.004109959520648743	0.00007
WONB20	-1.8098277717480926	-0.43384273898536596	0	-0.0005782282519073423	-0.006511261014634062	0.00007
WONB21	1.1155910359123045	-0.1706591487529824	0	0.0004009640876956322	-0.0021678512470175992	0.00007
WONB22	0.19818906555131366	0.6497402095599548	0	-0.00008606555131365767	0.00013879044004516672	0.00007
WONB25	-1.176886265328531	0.6325920540216018	0	-0.003145734671468947	0.005377945978398246	0.00007
WONB27	-0.8521296550099142	-0.7397521020075835	0	-0.001720344990085776	-0.0044788979924165195	0.00007
WONB29	-0.1473078333142785	1.3078294325102406	0	-0.0021801666857215185	-0.002295432510240669	0.00007
WONB30	-1.7117276194957285	0.9042001251078298	0	-0.0033983805042714366	0.009073874892170264	0.00007
WONB33	-1.1171637270895074	-1.2021188535684422	0	-0.007823272910492562	-0.00819014643155791	0.00007
WONB34	0.4751723600034311	-0.5894681244783192	0	0.0002576399965689147	-0.0013348755216807673	0.00007
WONB38	0.04492490323277914	-0.03942979023850226	0	0.000057096767220862765	-0.00016820976149774236	0.00007
WONB40	-0.8696310322681873	1.301221561935634	0	-0.008031967731812695	0.0027124380643659407	0.00007
WONB44	1.0939244577153817	0.3560317010993455	0	0.0005775422846183709	0.0029762989006544838	0.00007
WONB46	-2.0658967859484876	0.3945459355975032	0	0.0003937859484874906	0.006082064402496812	0.00007
WONB47	-0.1252254657768471	-0.7402720472538048	-4.440892098500626e-16	-0.0007795342231529112	-0.0005809527461951847	0.00007000000000044408
WONB48	0.5428884574326808	-1.254911414638424	0	0.0036475425673192508	-0.002638585361576018	0.00007
WONB49	1.179161589910553	-0.8752743992681982	0	0.004089410089447076	-0.00698360073180182	0.00007
WONB17_5	0.49482982505017753	1.2459269558910986	4.440892098500626e-16	0.003556174949822466	0.002899044108901405	0.0000699999999995559
WONB17_B5	0.44127923341273084	1.2487197977948814	0	0.0033027665872691347	0.0024292022051186635	0.00007
WONB19_1	1.0853994945180587	0.8945508364048395	0	0.0029135054819413586	0.00528116359516051	0.00007
WONB19_2	1.1348559409741255	0.8700433474030196	0	0.0018480590258744822	0.004343652596980441	0.00007
WONB19_3	1.1823419350000015	0.8432396582758155	0	0.0022800649999985545	0.0056633417241844786	0.00007
WONB19_5	1.086408006090784	0.7775773840311432	0	0.0020729939092161143	0.004797615968856861	0.00007
WONB19_B1	1.0622038429121639	0.8498433640838956	0	0.0025861570878360496	0.004502635916104447	0.00007
WONB19_B6	1.0330006889509284	0.7691826479339839	0	0.0019733110490716133	0.003918352066016095	0.00007
WONB19_B10	1.090956623031775	0.7244331292061007	0	0.0023613769682249153	0.004385870793899294	0.00007
WONB20_1	-1.7783834316391178	-0.517721712276519	0	-0.001764568360882235	-0.007890287723480993	0.00007
WONB20_2	-1.838301873074137	-0.4925006944176613	0	-0.00042012692586301803	-0.006728305582338667	0.00007
WONB20_3	-1.898766449891268	-0.46760161196714384	0	0.00013944989126790652	-0.00698438803285617	0.00007
WONB20_5	-1.78003548261432	-0.37525701403295364	0	-0.0005275173856797988	-0.0066189859670463536	0.00007
WONB20_B1	-1.7497510394683815	-0.45870710379295987	0	-0.000507960531618501	-0.007594896207040125	0.00007
WONB20_B6	-1.714608783031794	-0.3586458151580396	0	-0.0003052169682060679	-0.005795184841960399	0.00007
WONB20_B11	-1.8083585375975066	-0.3197305039322097	4.440892098500626e-16	-0.00020346240249335956	-0.0056034960677903145	0.0000699999999995559
WONB21_1	1.1824352094850112	-0.1317807889151536	0	0.0003357905149887763	-0.001968211084846405	0.00007
WONB21_2	1.16967571412434	-0.185118631273159	0	0.0009022858756599916	-0.0023343687268410074	0.00007
WONB21_3	1.1571619846216599	-0.23874946373888595	0	0.0007960153783401758	-0.002985536261114058	0.00007
WONB21_5	1.060627221738198	-0.15665028068032968	0	0.0006537782618019072	-0.001530719319670304	0.00007
WONB21_B1	1.1282658334246132	-0.11742889500425883	0	0.00023016657538676988	-0.00158510499574116	0.00007
WONB21_B6	1.0370284069366833	-0.10610125163451711	-4.440892098500626e-16	0.0002805930633167364	-0.0012037483654828846	0.00007000000000044408
WONB21_B12	1.0314191261125603	-0.20220176681175875	0	0.00021987388743971437	-0.002241233188241265	0.00007
WONB22_1	0.17476628458080043	0.722339302750595	0	-0.00020928458080043955	-0.0002783027505950386	0.00007
WONB22_2	0.22304007605338264	0.6967504757491425	4.440892098500626e-16	-0.0000760760533826399	-0.0003634757491425278	0.0000699999999995559
WONB22_3	0.2717036883791304	0.6705574227419756	0	-0.0003456883791304044	0.00027157725802440247	0.00007
WONB22_5	0.17300858184851192	0.6025252711045229	0	0.0000014181514880751145	0.0001617288954770535	0.00007
WONB22_B1	0.150086706684018	0.6760473497110947	0	-0.0001007066840179871	-0.00003234971109467022	0.00007
WONB22_B6	0.11971942528063656	0.5938186101070297	4.440892098500626e-16	-0.00014842528063656324	0.00007838989297026533	0.0000699999999995559
WONB22_B13	0.2214915193345621	0.5768815399070255	0	-0.00007051933456209136	-0.00024553990702547157	0.00007
WONB25_1	-1.160788117534675	0.7080636610762536	-4.440892098500626e-16	-0.0043048824653249	0.005647338923746359	0.00007000000000044408
WONB25_2	-1.1285159966083338	0.6636757034651376	0	-0.0037250033916662595	0.0052752965348623615	0.00007
WONB25_3	-1.0958460661031557	0.6189139708803479	0	-0.0032049338968442864	0.0047680291196520175	0.00007
WONB25_5	-1.225051468058998	0.6005692659831875	0	-0.0031615319410021048	0.005625734016812545	0.00007
WONB25_B1	-1.2095664303002094	0.6771681376246721	0	-0.0034905696997906688	0.005971862375327874	0.00007
WONB25_B7	-1.2829768864257312	0.5972496707818472	4.440892098500626e-16	-0.003241113574268928	0.005553329218152769	0.0000699999999995559
WONB25_B10	-1.2481170362703204	0.549307687410069	0	-0.002975963729679565	0.005298312589931076	0.00007
WONB26_5	-1.424111265565575	1.297852421983113	4.440892098500626e-16	-0.007186734434424968	0.005044578016887069	0.0000699999999995559
WONB26_B7	-1.468767784983725	1.2634237850595662	0	-0.005672215016274906	0.007758214940433827	0.00007
WONB26_B11	-1.3927903095380614	1.252614401976255	0	-0.006498690461938628	0.008001598023744894	0.00007
WONB27_1	-0.9086641794218707	-0.6700010831444898	0	-0.0020758205781292727	-0.004856916855510152	0.00007
WONB27_2	-0.8442372994244269	-0.6759144360816149	0	-0.0017397005755730444	-0.004132563918385013	0.00007
WONB27_3	-0.7803514854747521	-0.6818571609812839	0	-0.0009085145252478721	-0.003554839018716116	0.00007
WONB27_5	-0.8601360226420829	-0.8040695500781337	0	-0.0028039773579171534	-0.00500244992186627	0.00007
WONB27_B1	-0.9164997530110436	-0.7339311957165373	0	-0.002261246988956467	-0.00497580428346267	0.00007
WONB27_B7	-0.9011912836714343	-0.855473409353099	0	-0.003472716328565717	-0.00539059064690095	0.00007
WONB27_B12	-0.8021621062096572	-0.8307238105661694	0	-0.002797893790342787	-0.00450018943383057	0.00007
WONB29_B7	-0.22122392645494793	1.239833501809471	0	-0.003478073545052085	0.000003498190529027667	0.00007
WONB30_1	-1.6500913488855247	0.9579683852332248	0	-0.003735651114475269	0.009347614766775147	0.00007
WONB30_2	-1.6521694173263826	0.9033231345569047	0	-0.0032975826736174607	0.009077865443095301	0.00007
WONB30_3	-1.6544531033090975	0.8479340881577982	0	-0.0034968966909025845	0.008610911842201752	0.00007
WONB30_5	-1.7700585443711496	0.9039177998724643	4.440892098500626e-16	-0.0024624556288503907	0.009577200127535601	0.0000699999999995559
WONB30_B1	-1.7092265359389756	0.9586738604960927	0	-0.0026434640610244475	0.008311139503907272	0.00007
WONB30_B7	-1.8182248098296803	0.9331225092180524	-4.440892098500626e-16	-0.002542190170319758	0.00968649078194761	0.00007000000000044408
WONB30_B15	-1.7331147170212449	0.8521588745525034	0	-0.0030612829787550755	0.009707125447496634	0.00007
WONB32_1	-2.1872301855701375	-1.023630615713631	0	0.0006981855701373441	-0.009485384286368914	0.00007
WONB32_2	-2.13822409420349	-1.0590254276240458	0	0.0003840942034898376	-0.00944957237595423	0.00007
WONB32_3	-2.08949451442361	-1.0947945054094217	4.440892098500626e-16	0.000033514423610103705	-0.009126494590578238	0.0000699999999995559
WONB32_B8	-2.2670094156534235	-1.2044872756684049	4.440892098500626e-16	-0.000049584346576647675	-0.007504724331595103	0.0000699999999995559
WONB33_1	-1.0842395649169847	-1.118613257636149	0	-0.007089435083015294	-0.007440742363851172	0.00007
WONB33_2	-1.0601053562616443	-1.1745436465893337	0	-0.007239643738355728	-0.006454353410666247	0.00007
WONB33_3	-1.0361920435007836	-1.2307905149606297	0	-0.00780395649921628	-0.006577485039370279	0.00007
WONB33_5	-1.1732842247288655	-1.2289732785705292	0	-0.0073877752711344336	-0.006247721429470721	0.00007
WONB33_B1	-1.1410092478205123	-1.1457680746194088	0	-0.0059327521794876326	-0.006613925380591246	0.00007
WONB33_B8	-1.2334908268891212	-1.242212132965656	0	-0.0077621731108787895	-0.0077738670343441285	0.00007
WONB33_B13	-1.1496651132702795	-1.285670388762241	0	-0.007255886729720551	-0.006068611237759036	0.00007
WONB34_1	0.4544292308939702	-0.5109315631970371	0	0.00014576910602981386	-0.001159436802962821	0.00007
WONB34_2	0.5027991688026073	-0.5404026730917814	0	0.0004138311973926889	-0.0013583269082186877	0.00007
WONB34_3	0.5514262516855134	-0.5700738163066905	0	0.00041874831448662775	-0.0014261836933094907	0.00007
WONB34_5	0.4466564269833941	-0.6389378073724707	-4.440892098500626e-16	0.000572573016605904	-0.0012451926275292013	0.00007000000000044408
WONB34_B1	0.42645270795830753	-0.5597536301662199	0	0.00021129204169245686	-0.0013103698337800784	0.00007
WONB34_B8	0.4079907007218866	-0.6806444841948158	0	0.000510299278113413	-0.0011675158051841494	0.00007
WONB34_B14	0.5023001135152575	-0.6508033345655598	-4.440892098500626e-16	0.0004308864847425431	-0.0014626654344401802	0.00007000000000044408
WONB38_1	0.10990960932188854	0.004682898499763162	0	0.000004390678111462765	-0.00011089849976316218	0.00007
WONB38_2	0.09995685668816223	-0.04996876340221747	0	0.00004414331183777431	-0.0004542365977825355	0.00007
WONB38_3	0.09007769865329263	-0.10495020473133623	0	-0.000035698653292629	-0.0003837952686637641	0.00007
WONB38_5	-0.010077232760797588	-0.029293441841418518	0	0.000029232760797588686	-0.00035655815858148115	0.00007
WONB38_B1	0.055201480598881476	0.015280054096696848	0	-0.000012480598881474403	-0.00009605409669684838	0.00007
WONB38_B9	-0.06623641026750658	-0.031820416644326416	0	0.0001314102675065848	-0.0004055833556735819	0.00007
WONB38_B14	-0.0015941818392951662	-0.084353098589866	0	0.00023618183929516616	-0.0004959014101339893	0.00007
WONB3_1	-0.832858457138408	0.02683186491062588	0	0.0004914571384080357	0.0003251350893741199	0.00007
WONB3_2	-0.8900242204294149	0.038957028158295035	0	0.0005672204294148164	0.0001779718417049686	0.00007
WONB3_3	-0.9465947945486787	0.05060168160403098	0	-0.000017205451321333776	0.00015031839596901797	0.00007
WONB3_5	-0.8636396043440794	0.14882420821908568	0	0.00019060434407935922	0.0008917917809143083	0.00007
WONB3_B1	-0.8201710175415431	0.08220157083592336	0	0.0002920175415430659	0.0003444291640766345	0.00007
WONB3_B4	-0.8072666144156843	0.1370231379497291	0	0.0005296144156842209	0.0005308620502709194	0.00007
WONB3_B9	-0.8634883027087816	0.20460040593937664	0	0.00008830270878168456	0.0011475940606233415	0.00007
WONB40_5	-0.8800482496298978	1.2492405197530858	0	-0.007159750370102191	0.0046774802469142784	0.00007
WONB40_B10	-0.8595619882161973	1.1995374160758898	0	-0.007058011783802609	0.004608583924110121	0.00007
WONB40_B13	-0.8253876716563807	1.2393184507616903	0	-0.0075373283436193095	0.004485549238309572	0.00007
WONB44_1	1.05682263245287	0.42398705295438893	0	0.00036136754712989827	0.0029029470456110595	0.00007
WONB44_2	1.10951697533854	0.4058446436595556	0	0.00003902466145988548	0.003096356340444417	0.00007
WONB44_3	1.1623000041852656	0.3884782944519098	0	-0.0003110041852656398	0.002606705548090227	0.00007
WONB44_5	1.0773326458789918	0.3047148785138308	0	0.0006073541210080968	0.0026761214861692473	0.00007
WONB44_B1	1.0414716912019581	0.37421326500619534	0	0.0005813087980417464	0.002789734993804638	0.00007
WONB44_B11	1.1087148360545938	0.2595355720130929	0	0.00007416394540626925	0.002096427986907068	0.00007
WONB44_B15	1.138741696422866	0.32242945895259967	0	0.00019330357713398527	0.002663541047400353	0.00007
WONB46_5	-2.1255612588463526	0.3858226691526501	0	0.0008522588463524272	0.005816330847349893	0.00007
WONB46_B2	-2.0909108207111156	0.443890547163121	0	-0.00003617928888433042	0.006599452836879016	0.00007
WONB46_B5	-2.1500095185167214	0.43490327313716903	0	0.00041251851672141626	0.006091726862830993	0.00007
WONB47_1	-0.15074171944063394	-0.6610545231425091	0	-0.0007952805593660628	-0.0008634768574908858	0.00007
WONB47_2	-0.09938809432067978	-0.6873335027708521	0	-0.0005979056793202209	-0.0006254972291478422	0.00007
WONB47_3	-0.04811800251160744	-0.7132435787730413	0	-0.0004489974883925621	-0.000551421226958615	0.00007
WONB47_5	-0.1513249588259549	-0.793365671407535	0	-0.0010680411740451035	-0.0007143285924650078	0.00007
WONB47_B2	-0.18236774821525048	-0.7326253334769733	0	-0.0012402517847495131	-0.0012376665230267037	0.00007
WONB47_B5	-0.2087533950742246	-0.7859913104251184	0	-0.0013626049257753903	-0.0010746895748816598	0.00007
WONB47_B9	-0.165133648730936	-0.8514993809948628	0	-0.0012963512690639944	-0.0007746190051372004	0.00007
WONB48_1	0.502591484634399	-1.1797808764131652	4.440892098500626e-16	0.002961515365601075	-0.0021621235868347632	0.0000699999999995559
WONB48_2	0.5575476839824082	-1.1959198780395086	0	0.0035513160175918435	-0.002430121960491416	0.00007
WONB48_3	0.6126567795431833	-1.212202922046695	0	0.0038762204568166814	-0.0030580779533049274	0.00007
WONB48_B2	0.485614853543283	-1.258640206132041	0	0.003151146456716991	-0.0022537938679589864	0.00007
WONB49_1	1.2565645268721313	-0.9009849008792244	0	0.0037374731278687623	-0.0077840991207756005	0.00007
WONB49_2	1.2064152369244	-0.9272413870084322	0	0.0043847630756002065	-0.007683612991567834	0.00007
WONB49_3	1.1561820917437557	-0.9541165951069256	0	0.00450290825624422	-0.007103404893074372	0.00007
WONB49_5	1.151428596013452	-0.8229334545761599	-4.440892098500626e-16	0.003815403986547894	-0.0069695454238400956	0.00007000000000044408
WONB49_B2	1.2173203145015037	-0.8333521757123714	0	0.003639685498496359	-0.007226824287628553	0.00007
WONB49_B5	1.189193369452482	-0.7810338294369346	-4.440892098500626e-16	0.003462630547517831	-0.006875170563065414	0.00007000000000044408
WONB49_B11	1.0948210190545309	-0.8113082014577502	0	0.004124980945469092	-0.006383798542249797	0.00007
WONB4_1	-0.4758960904566554	0.8580187798658231	-4.440892098500626e-16	-0.003069909543344629	0.001068220134176956	0.00007000000000044408
WONB4_2	-0.43461342128417174	0.8213405604395608	0	-0.002581578715828259	0.001001439560439188	0.00007
WONB4_3	-0.3932770792629166	0.78476144814496	0	-0.0021099207370833817	0.0005725518550400155	0.00007
WONB4_5	-0.5096876052535089	0.7420489674936124	-4.440892098500626e-16	-0.0023673947464911693	0.0011850325063875733	0.00007000000000044408
WONB4_B1	-0.513436141905585	0.8186842265668334	0	-0.0028338580944150538	0.0013497734331666678	0.00007
WONB4_B4	-0.5512408838569006	0.7788272981771427	4.440892098500626e-16	-0.0027331161430993456	0.00154070182285726	0.0000699999999995559
WONB4_B10	-0.5193899900845914	0.6881114391611506	0	-0.002089009915408613	0.001166560838849362	0.00007
WONB5_3	0.49814117049803125	0.09503781153500217	4.440892098500626e-16	-0.00031517049803125863	0.00011518846499783408	0.0000699999999995559
WONB5_5	0.5427230740913532	0.20729277895316153	0	-0.00024907409135321856	0.00029622104683846295	0.00007
WONB5_B1	0.6026257093171874	0.15647620808751578	0	-0.0003437093171874128	0.00035579191248422126	0.00007
WONB5_B4	0.5973778850808211	0.21049075670165926	0	-0.0002418850808211248	0.0007382432983407405	0.00007
WONB5_B11	0.4968013596412893	0.23833668777935277	-4.440892098500626e-16	-0.000123359641289289	0.000352312220647244	0.00007000000000044408
