44	-1.4750610913189537	0.18591770127452215	0	-0.000538908681046335	0.0009822987254778648	0.00042
45	-0.37810948473828604	0.22855697885859602	0	-0.001290515261713976	-0.0003569788585960354	0.00042
47	-0.1643219169358132	0.22491480217881832	0	0.0012219169358131943	-0.005814802178818329	0.00042
52	-0.1501514565981177	-0.6675169306513711	0	0.0017514565981177066	-0.0016830693486289405	0.00042
WONB1	-2.0121294530361755	1.297457180741666	0	0.0034674530361753497	0.005199819258334015	0.00007
WONB3	-0.4939183876493971	0.5507983098476807	0	-0.0008976123506028721	0.0011036901523192588	0.00007
WONB5	1.1121338998609724	0.73826431767214	0	0.0020961001390276124	0.004151682327860007	0.00007
WONB11	-1.71276570642869	0.7749722405279167	0	-0.002240293571309948	0.008422759472083263	0.00007
WONB13	-1.1575610891979435	-1.2032332847504872	0	-0.004862910802056364	-0.008291715249512777	0.00007
WONB15	-1.9338844700795115	-0.9017350758973662	-4.440892098500626e-16	-0.0008395299204886353	-0.009832924102633811	0.00007000000000044408
WONB20	-1.3414001309434223	-0.02317250886916534	0	-0.001521869056577696	0.0017395088691653376	0.00007
WONB21	2.013922640654511	0.26575352977266653	-4.440892098500626e-16	-0.00006064065451116818	0.004503470227333495	0.00007000000000044408
WONB25	-0.7477369062399	1.1374784597445493	4.440892098500626e-16	-0.0039010937601000606	0.0016475402554507745	0.0000699999999995559
WONB27	-0.6486099963795164	-0.3896450036964005	0	-0.0004410036204836043	0.0004920036964004559	0.00007
WONB33	-0.6711271880852319	-0.8084794451293662	0	-0.001955811914768124	-0.0031375548706338297	0.00007
WONB34	0.9645341788501463	-0.3202523036195806	0	0.00019082114985380372	-0.0012006963804193638	0.00007
WONB35	-1.9629712313482033	-0.2558680920123755	0	-0.0011017686517966752	-0.002868907987624514	0.00007
WONB37	-1.5278170849912396	-0.006985379518876272	0	-0.0018729150087604118	0.0010463795188762719	0.00007
WONB38	0.43391632077797543	0.4303191144275649	0	0.00007267922202458532	0.0005118855724351445	0.00007
WONB44	2.039680138857718	1.155452866493522	0	0.0005478611422820023	0.007260133506478139	0.00007
WONB45	-1.936165305414491	0.397194571211607	0	-0.0018926945855091137	0.0068384287883929695	0.00007
WONB46	-1.359060488563573	0.7906201911823618	0	-0.003241511436426814	0.006951808817638128	0.00007
WONB47	0.22198944123725406	-0.444684287467834	0	0.0007965587627459525	0.00014128746783398372	0.00007
WONB48	1.019637235063777	-1.215802667846083	0	0.009377764936222999	-0.006779332153917128	0.00007
WONB49	2.0428170618583947	-0.8533101790980467	0	0.003091938141605244	-0.011099820901953272	0.00007
WONB10_2	-1.643479283946129	-1.2943490640882762	0	-0.001663716053871056	-0.009231935911723888	0.00007
WONB10_B1	-1.688393528537733	-1.265676877471537	0	-0.002005471462267039	-0.007928122528463089	0.00007
WONB10_B5	-1.7209745970276529	-1.2939492507274515	4.440892098500626e-16	-0.0007864029723472221	-0.009067749272548609	0.0000699999999995559
WONB11_1	-1.6891066279759392	0.7144374058092756	4.440892098500626e-16	-0.0018653720240606741	0.008387594190724434	0.0000699999999995559
WONB11_3	-1.7502755899270115	0.7334126611051665	4.440892098500626e-16	-0.0024134100729884533	0.009410338894833559	0.0000699999999995559
WONB11_B1	-1.6825622444485435	0.7659491737215947	-4.440892098500626e-16	-0.0020757555514565595	0.00869082627840534	0.00007000000000044408
WONB11_B9	-1.7033385958085547	0.8778310978598075	0	-0.0023024041914452287	0.008588902140192478	0.00007
WONB13_1	-1.128077921373241	-1.1403053157629066	0	-0.00462007862675895	-0.007992684237093428	0.00007
WONB13_2	-1.1180321008231826	-1.1974652456120496	0	-0.005266899176817441	-0.008845754387950322	0.00007
WONB13_3	-1.10759873879168	-1.2551447424848103	0	-0.004272261208320138	-0.008435257515189587	0.00007
WONB13_5	-1.1954641527444367	-1.2087603844544996	0	-0.004294847255563283	-0.00814361554550036	0.00007
WONB13_B1	-1.1680562997546493	-1.146513436181389	0	-0.004603700245350728	-0.00855656381861114	0.00007
WONB13_B5	-1.2168284381285144	-1.156898260713693	0	-0.004613561871485539	-0.008655739286306918	0.00007
WONB13_B11	-1.2101598524349453	-1.2559467853839927	-4.440892098500626e-16	-0.004117147565054768	-0.007945214616007279	0.00007000000000044408
WONB15_1	-1.9689331392515415	-0.8626838261376738	0	0.00029113925154145015	-0.009575173862326203	0.00007
WONB15_2	-1.9416318387794582	-0.8540424032683578	0	-0.00013916122054169477	-0.00968859673164224	0.00007
WONB15_3	-1.9138145206481938	-0.8449191691936616	0	-0.0003594793518062467	-0.009420830806338376	0.00007
WONB15_5	-1.9237654149617023	-0.9492560721475422	0	-0.0001965850382976697	-0.010154927852457862	0.00007
WONB15_B1	-1.9621509799672014	-0.9104413318523643	0	0.0010329799672015305	-0.009865668147635676	0.00007
WONB15_B5	-1.9475276434255644	-0.9726982728745395	4.440892098500626e-16	0.0007646434255643708	-0.010267727125460535	0.0000699999999995559
WONB15_B13	-1.894863679716238	-0.9405994393525366	0	-0.0004733202837621242	-0.010112560647463353	0.00007
WONB1_1	-1.9717600472821386	1.2909078297195575	0	0.0028080472821385705	0.005723170280442558	0.00007
WONB1_2	-1.9957760613971487	1.2589361245820565	0	0.0027380613971486056	0.006156875417943519	0.00007
WONB20_1	-1.317718622861093	-0.10414026740548511	0	-0.001415377138906937	0.0007242674054851184	0.00007
WONB20_2	-1.356001362846478	-0.07770409513724767	0	-0.0018056371535219995	0.001216095137247672	0.00007
WONB20_3	-1.3946216868814418	-0.05197288534279724	0	-0.0019473131185581138	0.0015068853427972415	0.00007
WONB20_5	-1.3237903641948925	0.03216362409856268	0	-0.0017376358051075513	0.002741375901437318	0.00007
WONB20_B1	-1.30264396614017	-0.04904023663343329	0	-0.001767033859829903	0.00185023663343329	0.00007
WONB20_B6	-1.2819430775981202	0.04668785859846391	0	-0.0016819224018798096	0.0028171414015360913	0.00007
WONB20_B11	-1.3428442959040239	0.08629730674166179	0	-0.001793704095976123	0.0032046932583382065	0.00007
WONB21_1	2.141926435318763	0.33092988406297413	0	-0.0004944353187630313	0.005149115937025883	0.00007
WONB21_2	2.1118602402678155	0.2423081394860695	0	-0.00030324026781558544	0.004165860513930503	0.00007
WONB21_3	2.081737498607027	0.15429243996147704	-4.440892098500626e-16	0.00004850139297296607	0.0030655600385229576	0.00007000000000044408
WONB21_5	1.9175845652613228	0.28807462120651856	0	-0.000025565261322801902	0.0046933787934814175	0.00007
WONB21_B1	2.0431501872171203	0.3533423276853767	-4.440892098500626e-16	0.000055812782879804956	0.005599672314623272	0.00007000000000044408
WONB21_B6	1.881406861871065	0.369323248367128	0	0.0003091381289348494	0.0054307516328719885	0.00007
WONB21_B12	1.8595999472453513	0.21467700471515566	0	-0.00043794724535128893	0.003246995284844345	0.00007
WONB25_1	-0.7350859042685055	1.2266317633260828	-4.440892098500626e-16	-0.004199095731494462	0.0015152366739172862	0.00007000000000044408
WONB25_2	-0.7088116022927572	1.180375775721599	4.440892098500626e-16	-0.0037323977072427628	0.0011092242784009887	0.0000699999999995559
WONB25_3	-0.6816660904845807	1.133466587161617	0	-0.0034329095154193023	0.0014944128383831412	0.00007
WONB25_5	-0.7843611430283312	1.0944386937521764	0	-0.0038778569716688693	0.0023683062478236927	0.00007
WONB25_B1	-0.7743497878107478	1.1835960399696124	0	-0.0038372121892521482	0.00179696003038754	0.00007
WONB25_B7	-0.8281657020514425	1.0830639733450167	0	-0.00408429794855758	0.0027670266549832956	0.00007
WONB25_B10	-0.8005062796298746	1.0337617881457466	0	-0.0037277203701253647	0.00276521185425338	0.00007
WONB27_1	-0.6959915563133084	-0.3104601075833887	4.440892098500626e-16	-0.0003214436866915138	0.0009061075833887156	0.0000699999999995559
WONB27_2	-0.6429098971051673	-0.3220735920116366	4.440892098500626e-16	-0.0002681028948327002	0.000888592011636602	0.0000699999999995559
WONB27_3	-0.5899520151571216	-0.3339999508176982	0	-0.0001879848428784081	0.0011279508176981756	0.00007
WONB27_5	-0.6542861863409284	-0.4571793800062893	0	-0.0002968136590716375	0.00014138000628932668	0.00007
WONB27_B1	-0.701016024505449	-0.3774755407920471	4.440892098500626e-16	-0.0004909754945510159	0.0006245407920471013	0.0000699999999995559
WONB27_B7	-0.6862825014070009	-0.5068200542576875	0	-0.0007314985929991469	-0.0006529457423124496	0.00007
WONB27_B12	-0.6070943193170245	-0.4918786906259761	-4.440892098500626e-16	-0.0003826806829755336	0.000053690625976099415	0.00007000000000044408
WONB30_3	-1.104414262829138	1.3045847360645477	0	-0.004992737170862016	0.000013263935452201281	0.00007
WONB30_B15	-1.1594751118644537	1.2967162503230534	0	-0.004682888135546293	0.0034847496769465636	0.00007
WONB32_5	-1.3899749951188196	-0.6306314966194702	0	-0.0026690048811803813	-0.006799503380529814	0.00007
WONB32_B8	-1.4171896184432198	-0.6611814420803415	0	-0.003000381556780285	-0.007136557919658504	0.00007
WONB32_B12	-1.3701296717422533	-0.678053346417131	0	-0.003192328257746624	-0.007040653582868983	0.00007
WONB33_1	-0.6453211962349923	-0.7302801148244453	0	-0.0015098037650077556	-0.0023758851755546484	0.00007
WONB33_2	-0.6266622070163709	-0.7896077215708771	0	-0.0017387929836291116	-0.0027762784291228693	0.00007
WONB33_3	-0.6076423127517607	-0.8493606574758962	0	-0.0016266872482392225	-0.00339134252410378	0.00007
WONB33_5	-0.712069165996863	-0.8261925855001162	0	-0.0021128340031369985	-0.003940414499883804	0.00007
WONB33_B1	-0.6895670969959471	-0.7493416968521631	4.440892098500626e-16	-0.001714903004052859	-0.003152303147836877	0.0000699999999995559
WONB33_B8	-0.7542671261948265	-0.8296456552048851	0	-0.002356873805173465	-0.004115344795114884	0.00007
WONB33_B13	-0.6942800689921698	-0.8853447666388023	0	-0.0025409310078302605	-0.0039202333611976226	0.00007
WONB34_1	0.9418800878642571	-0.21124227757469258	0	-0.0006060878642570877	-0.00022372242530740993	0.00007
WONB34_2	1.0067408613965427	-0.2559844531492685	0	-0.00008486139654273472	-0.0008805468507315228	0.00007
WONB34_3	1.0738776743038707	-0.30168028021524157	0	0.00023632569612930254	-0.0013237197847584259	0.00007
WONB34_5	0.9230585902486367	-0.3837834142239893	0	0.0005704097513633544	-0.0014345857760106884	0.00007
WONB34_B1	0.899807248978219	-0.27501153435578696	0	-0.00017224897821899177	-0.0009844656442130617	0.00007
WONB34_B8	0.8692047526036039	-0.43464334019901746	0	0.0008062473963961203	-0.0012636598009825306	0.00007
WONB34_B14	0.9983735997430452	-0.406676675248977	0	0.0007264002569548067	-0.0019113247510230136	0.00007
WONB35_1	-1.9593210657893172	-0.18899175874194654	0	-0.0016769342106828233	-0.0014462412580534545	0.00007
WONB35_2	-1.9405084974259057	-0.22644014936247037	0	-0.0011695025740943166	-0.0024338506375296276	0.00007
WONB35_3	-1.9215777012563273	-0.26466646225966844	0	-0.0012842987436727515	-0.0025215377403315364	0.00007
WONB35_5	-1.9829169903243669	-0.28463351651970464	4.440892098500626e-16	-0.0007430096756331217	-0.003293483480295345	0.0000699999999995559
WONB35_B1	-1.9808376584888874	-0.21807324199357472	0	-0.001010341511112678	-0.0021487580064252776	0.00007
WONB35_B8	-2.0054407916097596	-0.30396574489719097	0	-0.000804208390240202	-0.0035412551028090045	0.00007
WONB35_B15	-1.9527352032522294	-0.3012493310544415	4.440892098500626e-16	-0.0011637967477706734	-0.0036406689455584784	0.0000699999999995559
WONB37_2	-1.5275003544205814	-0.057459987326399856	0	-0.002155645579418497	0.00048498732639985775	0.00007
WONB37_3	-1.5613740480956548	-0.046033379857129526	4.440892098500626e-16	-0.001993951904345259	0.0005863798571295251	0.0000699999999995559
WONB37_5	-1.5223944313065332	0.044065090788151844	0	-0.00146656869346673	0.001422909211848157	0.00007
WONB37_B1	-1.4932733534709621	-0.018190679400120546	0	-0.001504646529037812	0.0006146794001205443	0.00007
WONB37_B13	-1.5567025206111005	0.05482103977392267	0	-0.001607479388899602	0.0018919602260773286	0.00007
WONB38_1	0.5148323184354991	0.49245826933542564	0	0.00010868156450083433	0.0008647306645743758	0.00007
WONB38_2	0.5013186159673435	0.41858571683886353	0	0.0000533840326565338	0.000687283161136476	0.00007
WONB38_3	0.4883368258923422	0.3450579430269867	0	-0.0002528258923421567	0.0009070569730132982	0.00007
WONB38_5	0.36974368918421446	0.44148897877350035	4.440892098500626e-16	0.00018631081578551756	0.00043102122649962826	0.0000699999999995559
WONB38_B1	0.44742067415819525	0.5036238470708445	0	0.00011332584180473448	0.0005741529291555247	0.00007
WONB38_B9	0.3058743897137778	0.43598544148949925	0	0.00007661028622218957	0.0005965585105007776	0.00007
WONB38_B14	0.3781949245042515	0.36960434863017655	0	0.00019807549574846206	0.0007186513698234642	0.00007
WONB3_1	-0.45460639759708665	0.4762101260223761	0	-0.0009566024029133424	0.0014048739776238994	0.00007
WONB3_2	-0.5038589324846285	0.48763018168827493	0	-0.0009170675153714614	0.0014878183117250643	0.00007
WONB3_3	-0.5504422549756011	0.49847915315677915	0	-0.001090745024398987	0.0015778468432208204	0.00007
WONB3_5	-0.4836362101099414	0.6145007122745028	0	-0.0009617898900585731	0.0010842877254972905	0.00007
WONB3_B1	-0.4454768867257258	0.5402286596999313	0	-0.0009811132742742479	0.0010133403000687213	0.00007
WONB3_B4	-0.43559403394099167	0.6042884547591062	0	-0.0008779660590083616	0.001035545240893776	0.00007
WONB3_B9	-0.4839749300587652	0.6789355690458182	0	-0.0012270699412348374	0.0011404309541818147	0.00007
WONB42_1	0.1691663308659526	-1.2588422937621901	0	0.003982669134047406	-0.0025857062378098483	0.00007
WONB42_B1	0.12992344431094408	-1.3078908844721304	-4.440892098500626e-16	0.0033795556890559297	0.002438884472130365	0.00007000000000044408
WONB43_1	-1.7235543884465196	-0.3846441266657044	4.440892098500626e-16	-0.0015696115534804544	-0.004514873334295566	0.0000699999999995559
WONB43_2	-1.6928735016794663	-0.38879381322037404	0	-0.0016374983205338367	-0.004437186779625957	0.00007
WONB43_B1	-1.7265399765269234	-0.43488180382614416	0	-0.0018530234730766981	-0.005472196173855859	0.00007
WONB43_B11	-1.6699274242357398	-0.5249000414843026	0	-0.002202575764260084	-0.006466958515697452	0.00007
WONB44_1	1.9812671404050206	1.2663151703733302	4.440892098500626e-16	0.0007148595949793002	0.005507829626669736	0.0000699999999995559
WONB44_2	2.078518984862467	1.24733212986877	-4.440892098500626e-16	-0.0004049848624672059	0.006527870131229907	0.00007000000000044408
WONB44_3	2.177627961654853	1.229285987515969	0	-0.0023299616548526636	0.00510901248403095	0.00007
WONB44_5	2.0024400055438827	1.0623910835208068	0	0.0014029944561171348	0.008688916479193232	0.00007
WONB44_B1	1.9442418388111882	1.1754980156340158	0	0.0016411611888118571	0.0073479843659842725	0.00007
WONB44_B11	2.056469899417151	0.989976582298093	-4.440892098500626e-16	-0.00043689941715063796	0.008077417701906953	0.00007000000000044408
WONB44_B15	2.119740160262802	1.105930478834011	0	-0.0006011602628017698	0.00744252116598898	0.00007
WONB45_1	-1.8948792946796669	0.41420454875967544	0	-0.0012897053203331232	0.006827451240324578	0.00007
WONB45_5	-1.9602870840942148	0.42184918939412697	0	-0.0006459159057852215	0.007627810605873031	0.00007
WONB45_B1	-1.9218622580094689	0.4392018358330429	0	-0.0011897419905311235	0.0070671641669571295	0.00007
WONB45_B15	-1.959052732103863	0.3662672186768215	0	-0.001610267896136941	0.006361781323178495	0.00007
WONB46_1	-1.3254813969430495	0.8574358770029253	0	-0.003453603056950527	0.006799122997074636	0.00007
WONB46_2	-1.3203863995692946	0.8034678117820309	0	-0.003337600430705301	0.006938188217969099	0.00007
WONB46_3	-1.3150452544711597	0.7491697363980423	4.440892098500626e-16	-0.003063745528840256	0.006603263601957732	0.0000699999999995559
WONB46_5	-1.3948286924669422	0.7776055891132984	0	-0.0035863075330577754	0.007581410886701612	0.00007
WONB46_B2	-1.3762098776707943	0.8370796058564494	0	-0.0028371223292056325	0.0066193941435506165	0.00007
WONB46_B5	-1.4111386272376587	0.8235083052266491	0	-0.0025553727623413014	0.007903694773350955	0.00007
WONB46_B8	-1.4305596898203063	0.7771828950261567	0	-0.00335831017969368	0.0078091049738433505	0.00007
WONB47_1	0.1971162857585088	-0.3467950431575081	0	0.0004887142414911894	0.0003990431575081055	0.00007
WONB47_2	0.25220423697952543	-0.38379595528507676	4.440892098500626e-16	0.0005257630204745789	0.0004169552850767366	0.0000699999999995559
WONB47_3	0.3074287515962869	-0.4210306400534767	0	0.0007882484037131099	0.000041640053476676986	0.00007
WONB47_5	0.19326802053486258	-0.5047138809933672	0	0.0007639794651374265	0.00009188099336721045	0.00007
WONB47_B2	0.1608967335525509	-0.4289602223287855	0	0.00048626644744909076	0.00018622232878551248	0.00007
WONB47_B5	0.1327826200740781	-0.48877360842694095	0	0.0005703799259219045	0.00017360842694097434	0.00007
WONB47_B9	0.1776235918113106	-0.57157153952334	0	0.0010034081886894086	0.0002115395233400763	0.00007
WONB48_1	0.9700169592248679	-1.1073095817776708	0	0.00842804077513215	-0.006427418222329173	0.00007
WONB48_2	1.0445354358376198	-1.1429083193451688	0	0.00899756416238029	-0.007150680654831154	0.00007
WONB48_3	1.1204268447839667	-1.1795287011284021	0	0.009788155216033267	-0.008192298871597892	0.00007
WONB48_5	0.9962386318678024	-1.28685511398541	0	0.010056368132197568	-0.006936886014589971	0.00007
WONB48_B2	0.9423527184597962	-1.204398815521046	0	0.009248281540203851	-0.006507184478953931	0.00007
WONB48_B5	0.919908702610982	-1.2745873962845642	0	0.009542297389018017	-0.006165603715435841	0.00007
WONB49_1	2.1810660414166683	-0.9124563231602635	0	0.002798958583331679	-0.01121967683973657	0.00007
WONB49_2	2.0863678244905994	-0.9397162410742398	0	0.0027421755094003686	-0.008803758925760241	0.00007
WONB49_3	1.9933692860554493	-0.9671805035201679	0	0.004111713944550788	-0.011436496479832026	0.00007
WONB49_5	2.000447890044417	-0.7666360418111644	0	0.00323510995558296	-0.00953595818883557	0.00007
WONB49_B2	2.1169962793272235	-0.7979020324229226	0	0.0023357206727765423	-0.010420967577077445	0.00007
WONB49_B5	2.073845111344782	-0.7103977523960078	-4.440892098500626e-16	0.002545888655217876	-0.00962724760399225	0.00007000000000044408
WONB49_B11	1.903142433457324	-0.7363863579268628	4.440892098500626e-16	0.003506566542676115	-0.009580642073137247	0.0000699999999995559
WONB5_1	1.1989247893966646	0.6677309404798785	0	0.001422210603335472	0.004751059520121559	0.00007
WONB5_2	1.116056728442594	0.6571463926628136	-4.440892098500626e-16	0.0015912715574060154	0.004187607337186372	0.00007000000000044408
WONB5_3	1.0360357558692395	0.6471284479049766	0	0.00122424413076061	0.003274552095023364	0.00007
WONB5_5	1.1081008641365098	0.8196938951227245	0	0.003015135863490226	0.004113104877275453	0.00007
WONB5_B1	1.1942931894554187	0.749713060253464	0	0.002592810544581159	0.004741939746536028	0.00007
WONB5_B4	1.190203481642908	0.8315780774163265	0	0.002965518357092023	0.004863922583673519	0.00007
WONB5_B11	1.0424497864016307	0.860514257497342	4.440892098500626e-16	0.0032942135983693444	0.0036897425026579667	0.0000699999999995559