2	-1.742751959457601	0.29125259754324206	-4.440892098500626e-16	-0.028248040542398822	0.004322402456757912	0.0004200000000004441
23	0.37463105523274526	0.18359529601742663	-4.440892098500626e-16	0.0016189447672547153	0.0008547039825733682	0.0004200000000004441
WONB1	-1.2647457873702006	0.8718577857942316	0	-0.01790021262979935	0.011959214205768398	0.00007
WONB2	-0.22555811059785585	-0.6531296205720618	0	-0.0007458894021441509	-0.002046379427938172	0.00007
WONB4	0.3091399440912168	0.7619677268532572	-4.440892098500626e-16	0.0006880559087831806	0.0025832731467427816	0.00007000000000044408
WONB5	1.0005067906688885	0.5107086207053868	4.440892098500626e-16	0.006488209331111605	0.0036963792946131946	0.0000699999999995559
WONB6	-1.9375789152225449	-0.8743479371403484	0	-0.03323108477745507	-0.015047062859651628	0.00007
WONB7	1.1205700744626825	-1.0321995630603649	0	0.011861925537317575	-0.01295543693963519	0.00007
WONB8	-0.7971116865450153	-0.6998233178080484	0	-0.006600313454984685	-0.005854682191951621	0.00007
WONB9	0.2154256384125967	-0.3494448356609926	0	0.0005503615874032919	-0.0006971643390074056	0.00007
WONB10	-1.3050691877554177	-0.5226603735423095	0	-0.017921812244582336	-0.007181626457690493	0.00007
WONB11	-1.008559013308783	0.6421900725250229	-4.440892098500626e-16	-0.010215986691217038	0.006004927474977051	0.00007000000000044408
WONB12	0.25429125639634265	-1.0117977096367572	0	0.0008797436036573347	-0.005935290363242807	0.00007
WONB13	-0.5939156425383404	-0.3592024692774619	0	-0.0018323574616596616	-0.0019155307225380835	0.00007
WONB14	1.1132021189334402	-0.4487646316779563	4.440892098500626e-16	0.008785881066559753	-0.0036493683220436557	0.0000699999999995559
WONB15	-1.6315548297078077	-0.27345518963925586	0	-0.024378170292192358	-0.005003810360744154	0.00007
WONB17	0.8745270585251776	0.9348947494722334	0	0.007770941474822379	0.009284250527766602	0.00007
WONB18	-1.2890393396519124	-1.0153073264312948	0	-0.020437660348087583	-0.015335673568705133	0.00007
WONB19	1.2865523616407704	0.7737997396558224	0	0.013486638359229586	0.007143260344177671	0.00007
WONB20	-0.4479888644813549	0.45065153267097235	0	-0.00016713551864511178	0.0009474673290276181	0.00007
WONB21	1.4198253594402768	0.3740727655807202	0	0.015963640559723213	0.003586234419279799	0.00007
WONB22	0.7318730767185275	0.7099373439351099	0	0.0035939232814724553	0.004277656064890167	0.00007
WONB23	-0.5163038914373964	-1.088169227936741	0	-0.005862108562603607	-0.009756772063258978	0.00007
WONB25	-0.11239997695555912	0.7110548081198844	0	-0.000419023044440886	0.0017931918801156188	0.00007
WONB26	-0.24459956349116807	0.9577698521791623	0	-0.0021314365088319354	0.005950147820837692	0.00007
WONB27	0.15726141689597506	0.3091075660265079	0	0.0012845831040249334	0.0004144339734921121	0.00007
WONB28	1.4265456144272621	-0.7462520083805553	-4.440892098500626e-16	0.01788938557273778	-0.010106991619444727	0.00007000000000044408
WONB29	0.4803759219579486	0.9405535241634917	0	0.002837078042051411	0.006517475836508302	0.00007
WONB30	-0.4229517320925471	0.8093344707111292	0	-0.002581267907452889	0.00413052928887081	0.00007
WONB31	0.6154651637409273	-0.7460432812029169	0	0.0028418362590727497	-0.004437718797083101	0.00007
WONB32	-0.7857020282706076	-0.017623340653463715	0	-0.00299997172939237	-0.0011086593465362837	0.00007
WONB33	-0.05783681446003482	-0.07490152372462774	0	0.0005348144600348242	-0.00037147627537226224	0.00007
WONB34	1.030051570738227	0.1861106737239626	0	0.0056844292617730385	0.0007983262760374032	0.00007
WONB35	-1.5064440760516604	0.14406648748454126	0	-0.02074492394833949	0.0006935125154587385	0.00007
WONB37	-0.8928509798262537	0.290117017429523	0	-0.005289020173746328	0.0006109825704769811	0.00007
WONB38	0.6844813472413185	0.4377996428636497	0	0.0021176527586814764	0.0011743571363502792	0.00007
WONB40	0.058915884045319375	0.9391705787727324	0	-0.0002858840453193734	0.005270421227267619	0.00007
WONB41	1.7051529544114612	-0.3359252393336756	0	0.02253804558853889	-0.004722760666324433	0.00007
WONB42	0.6666296951576329	-0.26026892964917986	0	0.0016093048423670986	-0.0008000703508201368	0.00007
WONB43	-1.1687414175998998	0.05084413509847459	0	-0.010877582400100172	-0.0007871350984745909	0.00007
WONB44	1.3337671267768225	0.5941535993987024	-4.440892098500626e-16	0.014432873223177545	0.006320400601297571	0.00007000000000044408
WONB45	-1.3335597485474713	0.48724684232918203	0	-0.017216251452528697	0.005438157670817956	0.00007
WONB46	-0.6440090143472798	0.6276300095046384	-4.440892098500626e-16	-0.003630985652720242	0.0031749904953615182	0.00007000000000044408
WONB47	0.6206953881857028	0.131316600509392	0	0.0012396118142972146	-0.00023360050939200128	0.00007
WONB48	1.1590350101250628	-0.14176920922855551	0	0.008037989874937201	-0.0006607907714444861	0.00007
WONB49	1.57311666046534	0.04635572863909086	0	0.018945339534660155	0.0006082713609091364	0.00007
WONB10_1	-1.2757739486125432	-0.46964850713447226	0	-0.01576905138745688	-0.006961492865527719	0.00007
WONB10_2	-1.2581622042554088	-0.5019123875504915	0	-0.015760795744591105	-0.007105612449508469	0.00007
WONB10_3	-1.2403117356373308	-0.5345006269064182	0	-0.015456264362669225	-0.006858373093581838	0.00007
WONB10_5	-1.3518919316116267	-0.5443717085788158	0	-0.01809506838837338	-0.007686291421184266	0.00007
WONB10_B1	-1.3220223461988587	-0.4903647454266795	0	-0.01724565380114118	-0.006958254573320499	0.00007
WONB10_B5	-1.3831886030526905	-0.5210209397101034	0	-0.01910339694730956	-0.007376060289896569	0.00007
WONB10_B8	-1.4018308552450713	-0.5582484881326707	0	-0.01940914475492872	-0.008427511867329263	0.00007
WONB11_1	-0.9907614942056266	0.6157245412208592	-4.440892098500626e-16	-0.00953850579437332	0.005375458779140807	0.00007000000000044408
WONB11_2	-1.023871342048616	0.6215389243884147	4.440892098500626e-16	-0.010372657951383868	0.005605075611585297	0.0000699999999995559
WONB11_3	-1.0568241593435457	0.6268378280514536	-4.440892098500626e-16	-0.011268840656454282	0.006211171948546368	0.00007000000000044408
WONB11_5	-0.9932080740058722	0.6621260974055173	0	-0.010474925994127915	0.006198902594482636	0.00007
WONB11_B1	-0.9758057487173759	0.6371386526093914	0	-0.009476251282624082	0.0059343473906086075	0.00007
WONB11_B5	-0.9577523400983525	0.6638453562042248	0	-0.00948865990164749	0.0058556437957751895	0.00007
WONB11_B9	-0.9863389597627279	0.6822655808679695	0	-0.010161040237272156	0.00675741913203054	0.00007
WONB12_1	0.25753993449265716	-0.9460567528254618	0	0.0011080655073428258	-0.004688247174538196	0.00007
WONB12_2	0.293696685656263	-0.9822091899116501	0	0.0009253143437369937	-0.005572810088349978	0.00007
WONB12_3	0.32939779742387965	-1.0190726511777468	0	0.0012602025761203617	-0.006483348822253099	0.00007
WONB12_5	0.21466723879518923	-1.0428395097909127	-4.440892098500626e-16	0.0003657612048107717	-0.006415490209087382	0.00007000000000044408
WONB12_B1	0.2188492823443171	-0.9746144695759523	0	0.0005987176556828955	-0.005280530424047636	0.00007
WONB12_B5	0.16794658904048054	-1.0179479821466408	0	0.000039410959519453614	-0.0056410178533592426	0.00007
WONB12_B10	0.19913384037151055	-1.090406652465004	-4.440892098500626e-16	0.0007151596284894479	-0.007304347534996092	0.00007000000000044408
WONB13_1	-0.555765648919497	-0.3174641936978989	0	-0.0014693510805030563	-0.0017508063021011155	0.00007
WONB13_2	-0.5477805431149076	-0.35087778548207427	0	-0.0014994568850923429	-0.0017942145179257185	0.00007
WONB13_3	-0.5397369693680129	-0.38537882847759586	0	-0.0016480306319871518	-0.0022011715224041217	0.00007
WONB13_5	-0.6403706243188778	-0.36862523884432175	0	-0.002176375681122167	-0.0020777611556782594	0.00007
WONB13_B1	-0.6016814677581092	-0.32523838069483335	0	-0.001714532241890887	-0.001992619305166643	0.00007
WONB13_B5	-0.6620789516043172	-0.33936662087182745	0	-0.0022920483956828663	-0.0021293791281725705	0.00007
WONB13_B11	-0.6633844794482064	-0.40179096763436783	0	-0.0025945205517935443	-0.002281032365632152	0.00007
WONB14_1	1.1030357859416087	-0.40040706634178536	0	0.008165214058391435	-0.0030799336582146286	0.00007
WONB14_2	1.1406055484624933	-0.42711876833817664	0	0.009314451537506763	-0.0033302316618233907	0.00007
WONB14_3	1.1784395922519901	-0.4550161116600042	0	0.010307407748009867	-0.004133888339995784	0.00007
WONB14_5	1.0846215139987283	-0.473469467433298	0	0.008509486001271771	-0.003441532566701988	0.00007
WONB14_B1	1.0757837518600168	-0.4215187639012755	-4.440892098500626e-16	0.007806248139983207	-0.0031222360987244735	0.00007000000000044408
WONB14_B5	1.039870714324342	-0.4554164049998386	0	0.007250285675657997	-0.003167595000161394	0.00007
WONB14_B12	1.111722208093587	-0.5079160545863007	4.440892098500626e-16	0.008766791906413163	-0.004302945413699244	0.0000699999999995559
WONB15_1	-1.6808583035570444	-0.25217899590872134	4.440892098500626e-16	-0.025342696442955726	-0.004965004091278646	0.0000699999999995559
WONB15_2	-1.6328926690448617	-0.2420105509057604	0	-0.024465330955138365	-0.004703449094239587	0.00007
WONB15_3	-1.5854528441840199	-0.23202553356432137	0	-0.023349155815980183	-0.004508466435678621	0.00007
WONB15_5	-1.629243455589993	-0.3068075659709091	-4.440892098500626e-16	-0.02433654441000699	-0.005665434029090921	0.00007000000000044408
WONB15_B1	-1.6798496929916928	-0.2831021651751422	0	-0.025659307008307097	-0.005357834824857799	0.00007
WONB15_B5	-1.6747041847282942	-0.3270083072079699	4.440892098500626e-16	-0.025670815271705782	-0.006296692792030101	0.0000699999999995559
WONB15_B13	-1.5808257344351446	-0.2971152217302524	0	-0.023276265564855292	-0.004992778269747589	0.00007
WONB17_5	0.8678253625997743	0.9184609073613864	-4.440892098500626e-16	0.007360637400225745	0.008893092638613598	0.00007000000000044408
WONB17_B5	0.8354002488624414	0.9192955677259698	0	0.006839751137558636	0.008436432274030237	0.00007
WONB18_1	-1.2310259611576921	-1.0497751518658427	0	-0.018304038842307913	-0.015013848134157293	0.00007
WONB18_2	-1.2865372467906606	-1.062632747809428	-4.440892098500626e-16	-0.019704753209339287	-0.015519252190572042	0.00007000000000044408
WONB18_3	-1.3420368799721052	-1.0755302490681475	0	-0.020600120027894908	-0.016579750931852377	0.00007
WONB18_5	-1.2917648583136976	-0.970487595833749	-4.440892098500626e-16	-0.020542141686302307	-0.014076404166251	0.00007000000000044408
WONB18_B1	-1.234223081894739	-1.002592862410545	0	-0.018462918105260906	-0.014642137589454984	0.00007
WONB18_B6	-1.2504816450973057	-0.9334934593430514	0	-0.018560354902694254	-0.013626540656948571	0.00007
WONB18_B9	-1.3060964316589083	-0.9302461420247817	4.440892098500626e-16	-0.019578568341091618	-0.013967857975218267	0.0000699999999995559
WONB19_1	1.2624087436723228	0.7973190630902878	0	0.013284256327677157	0.008548936909712257	0.00007
WONB19_2	1.2958467889124579	0.7893078363050137	0	0.013577211087542063	0.007578163694986317	0.00007
WONB19_3	1.3285454445841938	0.7786913247788018	0	0.01451655541580621	0.009001675221198213	0.00007
WONB19_5	1.2767624132280093	0.7553938804446017	-4.440892098500626e-16	0.01348658677199066	0.007949119555398343	0.00007000000000044408
WONB19_B1	1.2532063427152271	0.7824278785649708	0	0.01311565728477282	0.007886121435029203	0.00007
WONB19_B6	1.2444274926024643	0.7519355480839122	0	0.012894507397535726	0.007387451916087806	0.00007
WONB19_B10	1.2859856150953282	0.735054338263251	0	0.01405638490467176	0.007818661736749055	0.00007
WONB1_1	-1.2207534658681467	0.8647981127963744	0	-0.01699253413185331	0.011602887203625567	0.00007
WONB1_2	-1.253148999886055	0.8554497638163675	4.440892098500626e-16	-0.01776100011394499	0.01147023618363252	0.0000699999999995559
WONB1_3	-1.2854426500212204	0.8448429007766931	0	-0.01820034997877973	0.011637099223306913	0.00007
WONB1_5	-1.2760014414274619	0.8873273307668749	0	-0.01823755857253806	0.011795669233125139	0.00007
WONB1_B1	-1.2327667400154136	0.882101323691787	0	-0.01721025998458625	0.011719676308213023	0.00007
WONB1_B4	-1.2443533255822683	0.8974869875353345	0	-0.0174146744177317	0.011961012464665521	0.00007
WONB1_B7	-1.2677256982392635	0.9049105086400863	0	-0.01864630176073656	0.012089491359913773	0.00007
WONB20_1	-0.4307522715152656	0.4153894150293119	-4.440892098500626e-16	-0.0000617284847344024	0.0007855849706880913	0.00007000000000044408
WONB20_2	-0.4672136501017515	0.42632467404605146	0	-0.00027634989824854017	0.0010173259539485446	0.00007
WONB20_3	-0.5036604593625715	0.43753250420548606	0	-0.00048254063742847464	0.0011384957945139162	0.00007
WONB20_5	-0.42887148662678665	0.47294999659574133	0	-0.00016651337321332838	0.0010870034042586574	0.00007
WONB20_B1	-0.4115869706646062	0.43990090037599716	0	0.000003970664606223195	0.0009210996240028302	0.00007
WONB20_B6	-0.38886737686880396	0.47818464155602514	4.440892098500626e-16	0.00008437686880397033	0.0010903584439748704	0.0000699999999995559
WONB20_B11	-0.44525562135099833	0.494674704797169	0	-0.00030837864900168377	0.0014822952028309966	0.00007
WONB21_1	1.4593915647535782	0.39142776967151227	-4.440892098500626e-16	0.017274435246421804	0.003618230328487737	0.00007000000000044408
WONB21_2	1.4586160808301056	0.36766844202489546	4.440892098500626e-16	0.016982919169894473	0.0038725579751045514	0.0000699999999995559
WONB21_3	1.4580017799388285	0.344045049862281	0	0.016807220061171524	0.0033549501377189705	0.00007
WONB21_5	1.3806454092236062	0.37941855180382855	4.440892098500626e-16	0.014970590776393733	0.003962448196171475	0.0000699999999995559
WONB21_B1	1.4207582442738005	0.3976355967274031	0	0.015800755726199434	0.003845403272596859	0.00007
WONB21_B6	1.3577113454974885	0.4013488190343494	4.440892098500626e-16	0.01443965450251139	0.00356918096565062	0.0000699999999995559
WONB21_B12	1.3671279227219502	0.36003580604162577	0	0.014406077278049878	0.003267193958374215	0.00007
WONB22_1	0.7118089098966655	0.7363899086146916	0	0.0036740901033345263	0.003905091385308479	0.00007
WONB22_2	0.7439129395003704	0.7268687504028201	0	0.003831060499629557	0.004144249597179961	0.00007
WONB22_3	0.7764258455003925	0.7166471769925719	0	0.003883154499607522	0.00482282300742809	0.00007
WONB22_5	0.7194733075670177	0.6920769458929806	4.440892098500626e-16	0.0035786924329823666	0.004117054107019347	0.0000699999999995559
WONB22_B1	0.6998077143008682	0.7203603395553502	0	0.0033362856991318024	0.0038766604446498487	0.00007
WONB22_B6	0.6865313467410953	0.6894581395037802	4.440892098500626e-16	0.0032406532589047687	0.0037238604962197552	0.0000699999999995559
WONB22_B13	0.7520329393915363	0.6820835821831186	-4.440892098500626e-16	0.0036820606084637664	0.0038124178168813527	0.00007000000000044408
WONB23_1	-0.465731592037896	-1.0362500739114946	0	-0.004686407962104011	-0.008163926088505358	0.00007
WONB23_2	-0.4621556709500048	-1.0820047526530359	0	-0.004668329049995201	-0.009075247346964188	0.00007
WONB23_3	-0.4587793160933101	-1.1299187856423594	0	-0.004322683906689939	-0.009853214357640638	0.00007
WONB23_5	-0.5707294113493605	-1.0958415649149884	0	-0.006574588650639535	-0.010672435085011589	0.00007
WONB23_B1	-0.5198026725544976	-1.0416409133679678	0	-0.00538032744550232	-0.008719086632032136	0.00007
WONB23_B6	-0.6062449560514912	-1.064343505922788	0	-0.006766043948508771	-0.010124494077212054	0.00007
WONB23_B14	-0.5505237317454624	-1.1387704036745676	0	-0.006018268254537551	-0.010957596325432473	0.00007
WONB25_1	-0.1036110014571448	0.7373628460773582	0	-0.00032899854285520225	0.002145153922641807	0.00007
WONB25_2	-0.08401691594420191	0.7214179292874451	0	-0.00039908405579809625	0.002018070712554887	0.00007
WONB25_5	-0.14110020903387666	0.6992385722827568	4.440892098500626e-16	-0.00043979096612334345	0.001970427717243206	0.0000699999999995559
WONB25_B1	-0.13204607887605058	0.7274164837215125	4.440892098500626e-16	-0.00043692112394941307	0.0020285162784875466	0.0000699999999995559
WONB25_B10	-0.15490274912637506	0.6800048062200008	0	-0.00040025087362494105	0.0016121937799992159	0.00007
WONB26_1	-0.26425540225982114	0.9782092880716287	0	-0.0023425977401788645	0.006875711928371331	0.00007
WONB26_2	-0.23386096295035969	0.9734981391684824	0	-0.002164037049640327	0.00628486083151758	0.00007
WONB26_3	-0.2036913621482273	0.9678931210850369	0	-0.0018496378517726952	0.00630387891496309	0.00007
WONB26_5	-0.2551651772847303	0.9401468513177462	0	-0.0021788227152697015	0.006001148682253765	0.00007
WONB26_B1	-0.2748356011295695	0.9632022262695789	0	-0.002427398870430475	0.0062897737304211665	0.00007
WONB26_B7	-0.28079794818597276	0.9282166706041931	0	-0.002132051814027258	0.0056353293958069095	0.00007
WONB26_B11	-0.23796462646266597	0.9249812169029235	0	-0.0018163735373340206	0.005532783097076499	0.00007
WONB27_1	0.11858630782125826	0.3401245095407611	0	0.0013696921787417354	0.0005164904592389052	0.00007
WONB27_2	0.16046477327722664	0.3361054051764685	-4.440892098500626e-16	0.0011812267227733764	0.00037559482353149987	0.00007000000000044408
WONB27_3	0.20233979179027287	0.332707070216685	-4.440892098500626e-16	0.0012512082097271282	0.000347929783314993	0.00007000000000044408
WONB27_5	0.15394563381167894	0.28159114293317655	4.440892098500626e-16	0.0014423661883210537	0.0003928570668234599	0.0000699999999995559
WONB27_B1	0.11512486933334734	0.3128129657663141	-4.440892098500626e-16	0.001290130666652664	0.00045703423368587126	0.00007000000000044408
WONB27_B7	0.12830603564189377	0.2595895097308224	0	0.0013539643581062244	0.00045149026917762347	0.00007
WONB27_B12	0.1931660582136226	0.26973940581207057	-4.440892098500626e-16	0.001347941786377399	0.0003815941879294349	0.00007000000000044408
WONB28_1	1.440398508294756	-0.6958345703140492	0	0.017793491705244024	-0.009300429685950795	0.00007
WONB28_2	1.4693633692537094	-0.7356124588325395	0	0.01795163074629058	-0.009095541167460586	0.00007
WONB28_3	1.4983317186699272	-0.7757149600106295	0	0.01748328133007271	-0.009108039989370598	0.00007
WONB28_5	1.3837924161550794	-0.758927192751618	-4.440892098500626e-16	0.01698458384492052	-0.010332807248382037	0.00007000000000044408
WONB28_B1	1.398689821121413	-0.7068123009198023	4.440892098500626e-16	0.017280178878587016	-0.009856699080197706	0.0000699999999995559
WONB28_B7	1.3323795010232606	-0.7493460824092371	0	0.015934498976739375	-0.009896917590762944	0.00007
WONB28_B13	1.4126261030566318	-0.8000876138173046	0	0.016818896943368244	-0.01013738618269533	0.00007
WONB29_1	0.46399316894643994	0.9628465741739896	0	0.00306183105356006	0.0070134258260105	0.00007
WONB29_2	0.49322091320581113	0.9540775918748085	0	0.0029720867941888662	0.006966408125191559	0.00007
WONB29_3	0.5225191787205288	0.9451764331318087	0	0.003119821279471191	0.006950566868191288	0.00007
WONB29_5	0.46683561164177334	0.9259053537297979	0	0.0028103883582266675	0.006462646270202099	0.00007
WONB29_B1	0.4513375936909971	0.9499426837397618	0	0.0025414063090029027	0.006450316260238287	0.00007
WONB29_B7	0.4399259553696649	0.9183752352446233	0	0.0023120446303351305	0.005814764755376678	0.00007
WONB29_B14	0.49897740349511394	0.9218686574438308	0	0.002957596504886084	0.006738342556169119	0.00007
WONB2_1	-0.26297910175294636	-0.6073166009822519	0	-0.00039189824705365695	-0.002091399017748019	0.00007
WONB2_2	-0.2149049721898061	-0.6132174134451966	4.440892098500626e-16	-0.0006080278101939229	-0.0016715865548033726	0.0000699999999995559
WONB2_3	-0.16673217920351063	-0.618974485121205	0	-0.0004428207964893571	-0.0015715148787950328	0.00007
WONB2_5	-0.2360189072173125	-0.6945837043806277	0	-0.0008350927826875076	-0.0022792956193723457	0.00007
WONB2_B1	-0.27398192940589255	-0.6467932558061537	0	-0.0008720705941074325	-0.00209174419384639	0.00007
WONB2_B4	-0.2850427957604196	-0.6882040266767662	0	-0.0009152042395804139	-0.0026309733232338095	0.00007
WONB2_B8	-0.25809875807470595	-0.7342084493704446	0	-0.0009872419252940356	-0.0028565506295553655	0.00007
WONB30_1	-0.3870368002170484	0.8269063111666991	0	-0.0022111997829515895	0.004298688833300868	0.00007
WONB30_2	-0.3890892009663085	0.8081614145193511	0	-0.0024467990336914935	0.004045585480648928	0.00007
WONB30_3	-0.391361118362131	0.7888094393507533	4.440892098500626e-16	-0.0021988816378690212	0.003954560649246708	0.0000699999999995559
WONB30_5	-0.45663604681222264	0.8088881605498153	0	-0.002985953187777335	0.004168839450184758	0.00007
WONB30_B1	-0.4206074524381431	0.8278008627479495	0	-0.002598547561856901	0.004678137252050463	0.00007
WONB30_B7	-0.48384622136675487	0.8184403029451912	4.440892098500626e-16	-0.0030767786332451252	0.0046906970548087346	0.0000699999999995559
WONB30_B15	-0.4362490277668775	0.7913584397225525	0	-0.002742972233122476	0.004421560277447556	0.00007
WONB31_1	0.572470610492631	-0.6960083804990023	-4.440892098500626e-16	0.002140389507368945	-0.00301061950099768	0.00007000000000044408
WONB31_2	0.6220364777505284	-0.7072487013491292	4.440892098500626e-16	0.0023505222494716316	-0.0034012986508707987	0.0000699999999995559
WONB31_3	0.6709835579923747	-0.7181937257786978	-4.440892098500626e-16	0.003269442007625245	-0.004497274221302194	0.00007000000000044408
WONB31_5	0.6093217284293533	-0.7868444755461541	-4.440892098500626e-16	0.0028022715706467194	-0.004579524453845907	0.00007000000000044408
WONB31_B1	0.5659587725745903	-0.7353445378068575	0	0.002075227425409776	-0.0031494621931424938	0.00007
WONB31_B8	0.5913911864074819	-0.8243154474153381	-4.440892098500626e-16	0.0027828135925180852	-0.005029552584661867	0.00007000000000044408
WONB31_B11	0.6446694265269994	-0.821198073396397	4.440892098500626e-16	0.0033665734730005115	-0.005385926603602931	0.0000699999999995559
WONB32_1	-0.7870291653899353	0.024756558871554576	-4.440892098500626e-16	-0.0016938346100646706	-0.0007815588715545767	0.00007000000000044408
WONB32_2	-0.7560373168467615	0.006419217683882067	0	-0.0020386831532385186	-0.0009292176838820668	0.00007
WONB32_3	-0.7246277486803037	-0.011131467054628006	0	-0.0001322513196962971	-0.0013035329453719938	0.00007
WONB32_5	-0.8158601860983977	-0.042265149533412975	4.440892098500626e-16	-0.003409813901602332	-0.0016778504665870275	0.0000699999999995559
WONB32_B1	-0.8168432120450864	0.0009893642192631245	4.440892098500626e-16	-0.003575787954913645	-0.0010123642192631246	0.0000699999999995559
WONB32_B8	-0.85261961288347	-0.06198936487492552	0	-0.0039683871165300255	-0.0013816351250744777	0.00007
WONB32_B12	-0.7962797394608738	-0.06693395934317646	0	-0.003195260539126221	-0.0015440406568235365	0.00007
WONB33_1	-0.036441551765735346	-0.0364564372338254	0	0.0006465517657353453	-0.0004705627661746037	0.00007
WONB33_2	-0.018545203920389365	-0.06363911483726536	-4.440892098500626e-16	0.0006122039203893641	-0.0003688851627346307	0.00007000000000044408
WONB33_3	-0.000729292010327412	-0.09174380225517596	0	0.000569292010327412	-0.0003931977448240337	0.00007
WONB33_5	-0.09716334042132607	-0.08807758874811444	4.440892098500626e-16	0.00044634042132607465	-0.00039241125188554937	0.0000699999999995559
WONB33_B1	-0.07525552689764703	-0.04717488840932815	0	0.0005465268976470317	-0.00047811159067184805	0.00007
WONB33_B8	-0.13991056064686375	-0.09580985056566763	0	0.0005595606468637437	-0.0007091494343323679	0.00007
WONB33_B13	-0.0798107389671473	-0.1160050224323534	0	0.000457738967147292	-0.0005399775676465934	0.00007
WONB34_1	1.006826903664528	0.2215814454415399	0	0.005181096335471924	0.0012815545584601018	0.00007
WONB34_2	1.0440009230292686	0.20753648962037305	0	0.005913076970731401	0.0013185103796269637	0.00007
WONB34_3	1.081586033849386	0.19272645901879823	0	0.006642966150613994	0.0012115409812017697	0.00007
WONB34_5	1.0153602924127787	0.16338090586659726	0	0.005339707587221243	0.0005510941334027353	0.00007
WONB34_B1	0.9925032606748547	0.20061124970620453	0	0.004960739325145291	0.0007607502937954647	0.00007
WONB34_B8	0.9924675407233288	0.14425647287288337	4.440892098500626e-16	0.004895459276671232	0.0006955271271166241	0.0000699999999995559
WONB34_B14	1.056145642026528	0.15712889765500357	0	0.006110357973472036	0.0007551023449964278	0.00007
WONB35_1	-1.4867236619380466	0.1821338575007651	0	-0.019233338061953376	0.0011841424992349026	0.00007
WONB35_2	-1.4678965122047885	0.16137684481247244	-4.440892098500626e-16	-0.019697487795211632	0.00042815518752756243	0.00007000000000044408
WONB35_3	-1.448893301033541	0.1402001068836166	0	-0.01898969896645908	0.0008738931163834174	0.00007
WONB35_5	-1.5446396463521224	0.1252884585180493	4.440892098500626e-16	-0.021947353647877588	0.0002735414819507176	0.0000699999999995559
WONB35_B1	-1.524812257436225	0.16478277657591264	4.440892098500626e-16	-0.021679742563774917	0.001129223424087361	0.0000699999999995559
WONB35_B8	-1.5866141722227174	0.11082634900374416	0	-0.022666827777282572	0.00018065099625583225	0.00007
WONB35_B15	-1.5014177313070054	0.11824565890872665	0	-0.02038926869299451	0.0003963410912733445	0.00007
WONB37_1	-0.8675090299044249	0.2553059762472212	0	-0.004458970095575054	0.0005560237527788003	0.00007
WONB37_2	-0.9055214047849474	0.2606629430583137	0	-0.005304595215052665	0.00058005694168628	0.00007
WONB37_3	-0.9436500416067208	0.265997817987884	-4.440892098500626e-16	-0.006260958393279115	0.0006061820121159855	0.00007000000000044408
WONB37_5	-0.879502821691428	0.31564273180887037	0	-0.0052621783085720075	0.0008892681911296108	0.00007
WONB37_B1	-0.8548914086218031	0.2847552233532681	-4.440892098500626e-16	-0.004690591378196829	0.00046877664673189434	0.00007000000000044408
WONB37_B9	-0.8748818892339136	0.3391787292844147	0	-0.005239110766086408	0.0010742707155853015	0.00007
WONB37_B13	-0.9172156729350671	0.32097108140023556	-4.440892098500626e-16	-0.006034327064932898	0.00103891859976446	0.00007000000000044408
WONB38_1	0.7241346700605219	0.45461066043481035	0	0.002379329939478092	0.0018383395651896395	0.00007
WONB38_2	0.721792589901277	0.43153729624743375	0	0.002329410098723006	0.0010717037525662665	0.00007
WONB38_3	0.7194767836196356	0.4078651407004209	0	0.002183216380364339	0.001053859299579074	0.00007
WONB38_5	0.6471954704675916	0.4425558288589516	0	0.0018105295324083448	0.0010291711410483906	0.00007
WONB38_B1	0.6872004575834393	0.46078653582293827	4.440892098500626e-16	0.00215254241656071	0.0013384641770617378	0.0000699999999995559
WONB38_B9	0.6100775652847799	0.4415812469034287	0	0.001705434715220111	0.0009037530965713136	0.00007
WONB38_B14	0.6568377115148699	0.4192805886179686	0	0.0019762884851300955	0.0008794113820314031	0.00007
WONB40_1	0.032550737669938004	0.9593045615610377	0	-0.0005297376699380033	0.005334438438962308	0.00007
WONB40_2	0.06433495235753063	0.9556797703535856	0	-0.00044395235753062756	0.005519229646414381	0.00007
WONB40_3	0.09584134666930487	0.9532336827272045	0	-0.00019634666930487543	0.0052453172727954245	0.00007
WONB40_5	0.05385461973321987	0.9222157692733836	0	-0.00024961973321987324	0.004813230726616435	0.00007
WONB40_B1	0.027166148422698787	0.942980992664205	0	-0.0005741484226987857	0.00512300733579496	0.00007
WONB40_B10	0.06653276594279822	0.9055709298048049	0	-0.00011776594279822028	0.004694070195195077	0.00007
WONB40_B13	0.08572190706807767	0.9192208130329158	0	-0.000004907068077666943	0.00480318696708415	0.00007
WONB41_1	1.75525302588196	-0.3156519854407627	0	0.022991974118039993	-0.004093014559237329	0.00007
WONB41_2	1.7522148759948502	-0.347626268437922	0	0.02291712400514978	-0.005381731562077996	0.00007
WONB41_3	1.7503482334780873	-0.3810037472196247	0	0.023211766521912702	-0.005645252780375309	0.00007
WONB41_5	1.6573365160494533	-0.32399666050277676	0	0.021789483950546584	-0.004689339497223222	0.00007
WONB41_B1	1.707156820621008	-0.3029411742111464	4.440892098500626e-16	0.023013179378992055	-0.004763825788853593	0.0000699999999995559
WONB41_B10	1.615979782586119	-0.3315715866953699	-4.440892098500626e-16	0.020836217413880975	-0.004897413304630116	0.00007000000000044408
WONB41_B14	1.6704660569998044	-0.35795410158126373	-4.440892098500626e-16	0.0224289430001956	-0.005476898418736276	0.00007000000000044408
WONB42_1	0.6505082593105662	-0.21422758503736683	0	0.001311740689433738	-0.0005434149626331597	0.00007
WONB42_2	0.6888892500699433	-0.23586863627449167	4.440892098500626e-16	0.0015627499300566727	-0.0006993637255083285	0.0000699999999995559
WONB42_3	0.7276987675163307	-0.25743473290760316	0	0.0018642324836692925	-0.0009022670923968246	0.00007
WONB42_5	0.6440813500641355	-0.28627714285562944	0	0.0014376499358644823	-0.0009658571443705855	0.00007
WONB42_B1	0.6283021693966069	-0.23809232855067963	0	0.0012808306033931238	-0.000871671449320377	0.00007
WONB42_B10	0.6454010103576048	-0.3214457413325462	-4.440892098500626e-16	0.0015689896423952687	-0.0008592586674537883	0.00007000000000044408
WONB42_B15	0.6961740828999233	-0.2892080388300411	0	0.0018389171000766646	-0.001117961169958881	0.00007
WONB43_1	-1.2011968158067348	0.07820920930552291	0	-0.012049184193265283	-0.0005382093055229104	0.00007
WONB43_2	-1.159574525331434	0.07846018269608006	0	-0.010936474668566065	-0.0005001826960800565	0.00007
WONB43_3	-1.1175725392037266	0.07886805829162716	0	-0.009542460796273522	-0.0003030582916271618	0.00007
WONB43_5	-1.1777365013669374	0.021308686508243323	-4.440892098500626e-16	-0.011060498633062688	-0.0009166865082433223	0.00007000000000044408
WONB43_B1	-1.2110299831708213	0.051183916244034025	0	-0.011897016829178764	-0.0007549162440340235	0.00007
WONB43_B11	-1.1498823377266165	0.0028160687176530703	4.440892098500626e-16	-0.010367662273383482	-0.0010080687176530704	0.0000699999999995559
WONB43_B14	-1.1346133801869882	0.030978807357235752	-4.440892098500626e-16	-0.009918619813011897	-0.0005338073572357521	0.00007000000000044408
WONB44_1	1.3012483280304286	0.6196857671741514	-4.440892098500626e-16	0.013436671969571545	0.006243232825848599	0.00007000000000044408
WONB44_2	1.3374823770829807	0.6123231927112371	0	0.0141276229170193	0.006574807288762807	0.00007
WONB44_5	1.3296510805413655	0.5734905437014318	0	0.014249919458634519	0.0061844562985682305	0.00007
WONB44_B1	1.2975526272045754	0.6013659412049203	-4.440892098500626e-16	0.01365137279542461	0.0065620587950797615	0.00007000000000044408
WONB44_B11	1.3560204575988692	0.5546865042127074	4.440892098500626e-16	0.014542542401130731	0.006104495787292663	0.0000699999999995559
WONB44_B15	1.3671707121916472	0.5809938013187972	4.440892098500626e-16	0.014870287808352867	0.006255198681202834	0.0000699999999995559
WONB45_1	-1.278506054576423	0.4934161063501311	-4.440892098500626e-16	-0.01605594542357691	0.005384893649868883	0.00007000000000044408
WONB45_2	-1.306157109663724	0.4738765823198685	-4.440892098500626e-16	-0.016647890336276117	0.005127417680131474	0.00007000000000044408
WONB45_3	-1.3340047991140418	0.4546797759871668	0	-0.017174200885958113	0.005171224012833209	0.00007
WONB45_5	-1.3604504679259988	0.49961698042203695	-4.440892098500626e-16	-0.01801253207400122	0.006021019577963083	0.00007000000000044408
WONB45_B1	-1.3061109609455115	0.5071938378016972	0	-0.01646103905448859	0.005445162198302711	0.00007
WONB45_B12	-1.3956683425299483	0.48579555513247796	4.440892098500626e-16	-0.019197657470051643	0.005753444867522051	0.0000699999999995559
WONB45_B15	-1.3687317908396646	0.4735101428376196	-4.440892098500626e-16	-0.018207209160335358	0.005405857162380401	0.00007000000000044408
WONB46_1	-0.6094547075070373	0.6496078662222852	-4.440892098500626e-16	-0.003050292492962625	0.003130133777714872	0.00007000000000044408
WONB46_2	-0.6078897952236529	0.6293754364426256	0	-0.0029212047763470528	0.002716563557374374	0.00007
WONB46_3	-0.6060799863628318	0.608764725795789	0	-0.0029590136371682174	0.002398274204211015	0.00007
WONB46_5	-0.6802706084113306	0.624221409716931	0	-0.0037143915886693746	0.0030845902830690664	0.00007
WONB46_B2	-0.6571123351452324	0.6461408512211404	0	-0.0037736648547676	0.0033591487788595664	0.00007
WONB46_B5	-0.6930835234094804	0.6423671080494376	4.440892098500626e-16	-0.004097476590519622	0.003468891950562325	0.0000699999999995559
WONB46_B8	-0.7158919176981552	0.625716696767472	0	-0.0041750823018448235	0.0032023032325280143	0.00007
WONB47_1	0.5969484137647001	0.16773299897761543	0	0.0011805862352999297	-0.00015199897761541958	0.00007
WONB47_2	0.6348068691069615	0.15454893983986426	-4.440892098500626e-16	0.0012751308930385452	0.00006206016013574067	0.00007000000000044408
WONB47_3	0.672898347037188	0.1420793768439894	0	0.0015106529628120535	-0.000171376843989407	0.00007
WONB47_5	0.6061337742377301	0.10664839241334383	0	0.001070225762269894	-0.0002683924133438237	0.00007
WONB47_B2	0.5799963003799843	0.1362109200711759	4.440892098500626e-16	0.0008276996200157205	-0.00041092007117590756	0.0000699999999995559
WONB47_B5	0.565075985027902	0.11130161290079352	0	0.000803014972098004	-0.00034361290079351625	0.00007
WONB47_B9	0.6005532370418588	0.07932698364503145	0	0.0010727629581411824	-0.0004249836450314487	0.00007
WONB48_1	1.1193113741063603	-0.10286654949578836	0	0.007158625893639803	-0.0004084505042116493	0.00007
WONB48_2	1.1624435412337644	-0.11290502798044168	0	0.00816245876623567	-0.00047697201955831936	0.00007
WONB48_3	1.205877870466207	-0.1227071227977495	4.440892098500626e-16	0.009217129533793056	-0.0005508772022505132	0.0000699999999995559
WONB48_5	1.1548983563198185	-0.1727775895586003	0	0.007939643680181518	-0.0010974104413997154	0.00007
WONB48_B2	1.1164076074111313	-0.14245933497128185	0	0.007255392588868759	-0.0006416650287181525	0.00007
WONB48_B5	1.1119226297874636	-0.17380631373168415	-4.440892098500626e-16	0.007235370212536507	-0.0009906862683158602	0.00007000000000044408
WONB48_B10	1.1750040292382022	-0.2046912862892767	0	0.008821970761797804	-0.0013877137107232984	0.00007
WONB49_1	1.6337469638398814	0.032176323602014716	0	0.020077036160118578	0.0005566763979852826	0.00007
WONB49_2	1.6016969943615227	0.019725874983216395	-4.440892098500626e-16	0.019631005638477417	0.00037812501678360574	0.00007000000000044408
WONB49_3	1.5695218999057006	0.006941554144119472	-4.440892098500626e-16	0.01869110009429953	0.0010874458558805273	0.00007000000000044408
WONB49_5	1.544529537684761	0.0716419892549099	0	0.017919462315239	0.0016980107450901005	0.00007
WONB49_B2	1.5937659756377516	0.06649436878248506	0	0.019367024362248353	0.000726631217514942	0.00007
WONB49_B5	1.5649344747205214	0.09126774526215059	-4.440892098500626e-16	0.018808525279478516	0.0010902547378494054	0.00007000000000044408
WONB49_B11	1.5018981847282888	0.07709679926206614	0	0.017241815271711092	0.0010792007379338553	0.00007
WONB4_1	0.3037223031758825	0.7885109035102202	4.440892098500626e-16	0.0007096968241174784	0.002849096489779712	0.0000699999999995559
WONB4_2	0.33013449283568486	0.7749387103836028	0	0.0007735071643151237	0.0028202896163971314	0.00007
WONB4_3	0.35677826338977575	0.7612769958551684	4.440892098500626e-16	0.0007987366102242266	0.0025700041448316613	0.0000699999999995559
WONB4_5	0.28782798731525266	0.7481942430901758	-4.440892098500626e-16	0.0005830126847473083	0.0024097569098242566	0.00007000000000044408
WONB4_B1	0.2827436184722382	0.7758761127856934	4.440892098500626e-16	0.0006203815277617819	0.00266988721430661	0.0000699999999995559
WONB4_B4	0.26136770626043165	0.7622764893103979	-4.440892098500626e-16	0.000510293739568346	0.0026185106896020605	0.00007000000000044408
WONB4_B10	0.28389385586095367	0.7285532980211916	0	0.0006091441390463359	0.0021707019788084203	0.00007
WONB5_1	1.0454642003172163	0.4889486772218061	0	0.007203799682783618	0.0038493227781938866	0.00007
WONB5_2	1.0094186508688068	0.4881797304986776	-4.440892098500626e-16	0.00650634913119319	0.003703269501322437	0.00007000000000044408
WONB5_3	0.9734911775795886	0.4871619557623623	0	0.005838822420411449	0.0033840442376376623	0.00007
WONB5_5	0.9916159711677882	0.5329498554019784	0	0.006417028832211735	0.004004144598021675	0.00007
WONB5_B1	1.0362469935465506	0.5117565392398054	0	0.007304006453449308	0.004057460760194642	0.00007
WONB5_B4	1.0271511701738392	0.5338252705781996	0	0.007132829826160814	0.004234729421800365	0.00007
WONB5_B11	0.9584625250742134	0.5460398605862409	0	0.006022474925786669	0.0039021394137591647	0.00007
WONB6_2	-1.9265664221565084	-0.8301915910692442	0	-0.03301557784349152	-0.014024408930755738	0.00007
WONB6_3	-1.8713328802523532	-0.8251667297296781	0	-0.03170811974764676	-0.01475827027032195	0.00007
WONB6_B1	-1.993679591913088	-0.8785416711835161	0	-0.033769408086911756	-0.014570328816483902	0.00007
WONB7_1	1.1944286709816172	-1.0611028149260109	4.440892098500626e-16	0.013010329018382727	-0.014270185073989028	0.0000699999999995559
WONB7_2	1.1493150758646444	-1.0752784917692646	0	0.012337924135355616	-0.01409250823073549	0.00007
WONB7_3	1.1037201366708376	-1.0896346764445854	-4.440892098500626e-16	0.01161186332916242	-0.014002323555414531	0.00007000000000044408
WONB7_5	1.0926878020311395	-0.990067420276554	4.440892098500626e-16	0.011125197968860467	-0.01091057972344589	0.0000699999999995559
WONB7_B1	1.1656947718943251	-1.0176697081831403	0	0.012230228105674978	-0.013120291816859808	0.00007
WONB7_B4	1.1372285106863074	-0.9764981578084331	0	0.01155948931369255	-0.011021842191566877	0.00007
WONB7_B13	1.0479348887731015	-1.0027727793102852	0	0.01011211122689848	-0.011207220689714914	0.00007
WONB8_1	-0.7556290355954909	-0.6495953031889936	0	-0.005331964404509115	-0.004682696811006415	0.00007
WONB8_2	-0.746694270995454	-0.6894299724025449	0	-0.005582729004545928	-0.005216027597455097	0.00007
WONB8_3	-0.7378604340540231	-0.7305417178690758	0	-0.005867565945976816	-0.005709282130924143	0.00007
WONB8_5	-0.8473311865662543	-0.7116392040401632	4.440892098500626e-16	-0.007724813433745759	-0.0064797959598367205	0.0000699999999995559
WONB8_B1	-0.8054219729521498	-0.6587583027544357	-4.440892098500626e-16	-0.006580027047850212	-0.005595697245564302	0.00007000000000044408
WONB8_B4	-0.8555248964567153	-0.6694624568594035	0	-0.007458103543284689	-0.006030543140596478	0.00007
WONB8_B14	-0.8232838455241962	-0.7479901707745824	0	-0.007431154475803781	-0.006507829225417594	0.00007
WONB9_1	0.22179291887016886	-0.3009818906398414	0	0.0006470811298311396	-0.0007051093601586067	0.00007
WONB9_2	0.25098887666011965	-0.3284369748329605	0	0.0005911233398803728	-0.0005920251670394894	0.00007
WONB9_3	0.28070831141935837	-0.3558230279318557	4.440892098500626e-16	0.0007146885806416092	-0.0008319720681442822	0.0000699999999995559
WONB9_5	0.17927482199013725	-0.37117623898396623	0	0.000558178009862742	-0.0005197610160337929	0.00007
WONB9_B1	0.18620290659708008	-0.3214778961749839	0	0.0005700934029199134	-0.0006651038250161112	0.00007
WONB9_B4	0.15038322447796126	-0.3428911674717322	0	0.0006037755220387464	-0.0005418325282677827	0.00007
WONB9_B15	0.23154428479592104	-0.38261476259979954	0	0.0005727152040789496	-0.000751237400200444	0.00007