WONB2	1.9862091123859649	-0.32172755188537916	0	-0.0048991123859649655	-0.0035414481146208154	0.00007
WONB3	-0.46857819445752286	0.19797357126197013	0	-0.0003938055424771436	0.00016542873802988245	0.00007
WONB4	-1.224660972314748	0.5753973847589884	0	-0.0034670276852521997	0.004390615241011586	0.00007
WONB5	-0.4450463838117992	1.146848622252749	4.440892098500626e-16	-0.0030806161882008243	0.001562377747251098	0.0000699999999995559
WONB7	1.9459371376766614	0.686027006460035	0	0.0006578623233386427	0.007534993539965007	0.00007
WONB9	1.359591881822757	0.16283682658567142	0	0.0001391181772429917	0.0015801734143285895	0.00007
WONB12	2.2656794945114163	0.08897520806602183	0	-0.002843494511416189	0.002878791933978178	0.00007
WONB13	1.6504299987544189	-0.7677716406722297	0	-0.0008549987544188564	-0.0064763593277703535	0.00007
WONB17	-1.598510320701718	1.2830590553543533	4.440892098500626e-16	-0.004298679298281982	0.0071619446456467895	0.0000699999999995559
WONB20	0.21548174944061393	-0.3383069109215205	-4.440892098500626e-16	0.0022412505593860654	0.001186910921520512	0.00007000000000044408
WONB22	-0.968644682747183	1.0113962038144448	-4.440892098500626e-16	-0.005222317252817077	0.005066796185555056	0.00007000000000044408
WONB25	-1.175067122556998	-0.01784851554057159	4.440892098500626e-16	-0.002199877443002096	-0.0006654844594284094	0.0000699999999995559
WONB26	-2.269568142998163	-0.18892424581521666	-4.440892098500626e-16	-0.0023358570018370273	-0.0027767541847833477	0.00007000000000044408
WONB27	0.485769179588157	0.41893065610069585	0	0.00272182041184299	0.0006033438993041651	0.00007
WONB28	1.5303813960588	0.9507335783952818	0	0.005874603941200096	0.008636421604718114	0.00007
WONB29	-1.7794741834323655	0.8682657809974872	0	-0.002864816567634376	0.009142219002512775	0.00007
WONB30	-1.704325848329301	-0.5452467476848583	-4.440892098500626e-16	-0.0030541516706990013	-0.00781925231514169	0.00007000000000044408
WONB31	1.7981601825193865	0.4167447305758912	0	0.00039281748061359423	0.005207269424108818	0.00007
WONB32	1.0017526358497209	-1.1088210498528177	-4.440892098500626e-16	0.005327364150279124	-0.00385495014718229	0.00007000000000044408
WONB33	0.9243393494385554	-0.0825167418329005	0	-0.0005733494385554705	0.0001697418329004996	0.00007
WONB34	0.22162214918514198	1.0175526561769959	0	0.0029538508148580223	-0.0006126561769959071	0.00007
WONB38	-0.28173927791720044	0.8338484198762716	0	-0.0005037220827995847	-0.0006064198762715245	0.00007
WONB40	-1.995969519489368	0.307695298478806	4.440892098500626e-16	-0.0024744805106320378	0.0043777015211939885	0.0000699999999995559
WONB41	0.9630068177549085	1.2612670280955118	0	0.00951118224509151	0.005429971904488129	0.00007
WONB42	1.0821871891969774	0.578097638619496	0	0.0029438108030226395	0.003238361380503929	0.00007
WONB46	-1.0142670981842699	-0.9775301461413854	0	-0.004484901815730247	-0.0066168538586145464	0.00007
WONB47	0.38516789124446443	0.6582241983184375	0	0.00188010875553557	-0.0002771983184375326	0.00007
WONB48	0.7658717032972032	0.9816599854559607	0	0.005719296702796806	0.003048014544039357	0.00007
WONB12_2	2.2138657537003383	0.12445024031081045	0	-0.002875753700338546	0.0031357596891895545	0.00007
WONB12_3	2.2411621815749085	0.14671745077335852	0	-0.0029461815749085574	0.003481549226641484	0.00007
WONB12_5	2.3144666718654103	0.05100742297518671	0	-0.0031356718654103055	0.0032095770248132885	0.00007
WONB12_B1	2.23825009697676	0.06597067928405485	0	-0.002770096976759895	0.0026133207159451527	0.00007
WONB12_B5	2.3058722411324393	0.01602695073497442	0	-0.0033262411324392893	0.0015490492650255816	0.00007
WONB13_1	1.5516494489897645	-0.7206706770576944	0	0.0000785510102354614	-0.006378322942305559	0.00007
WONB13_2	1.6120741697923384	-0.7074967719854034	4.440892098500626e-16	-0.0001081697923384084	-0.006719228014596568	0.0000699999999995559
WONB13_3	1.672160159799078	-0.6949187721203115	0	-0.0008251597990780457	-0.006331227879688539	0.00007
WONB13_5	1.6891461328556394	-0.8306956344253922	0	-0.001362132855639464	-0.006489365574607775	0.00007
WONB13_B1	1.5898168484161272	-0.7811171348231031	0	0.0000801515838726452	-0.006600865176896953	0.00007
WONB13_B5	1.6431117324805822	-0.8645758258688638	0	-0.00021773248058210015	-0.007121174131136221	0.00007
WONB13_B11	1.7605797598224298	-0.8595466817305544	0	-0.0016137598224297278	-0.007171318269445615	0.00007
WONB17_5	-1.5506457041052883	1.2654818799935366	0	-0.004543295894711585	0.007267120006463346	0.00007
WONB17_B5	-1.5656323435969113	1.2344382193868548	0	-0.004669656403088807	0.0076267806131451454	0.00007
WONB20_1	0.3132596045446703	-0.3141282597417432	0	0.0020333954553297118	0.0014052597417432144	0.00007
WONB20_2	0.28690024505866074	-0.3702759856476116	0	0.0022967549413392407	0.0010499856476116065	0.00007
WONB20_3	0.2605064815307715	-0.42748206416816303	0	0.0025075184692285313	0.0014660641681630282	0.00007
WONB20_5	0.14330309919770845	-0.30908311473862043	4.440892098500626e-16	0.002153900802291553	0.0010671147386204227	0.0000699999999995559
WONB20_B1	0.24225176140660296	-0.282613263652346	4.440892098500626e-16	0.0022732385933970367	0.0012082636523459978	0.0000699999999995559
WONB20_B6	0.12094444513391567	-0.2481543453277582	-4.440892098500626e-16	0.0025425548660843317	0.0010093453277582043	0.00007000000000044408
WONB20_B11	0.07623277880543715	-0.33520151618645666	0	0.002084221194562849	0.0009485161864566383	0.00007
WONB22_1	-1.0489602424296915	1.0052933263056192	0	-0.005313757570308386	0.005273673694380809	0.00007
WONB22_2	-1.0148338102018282	1.031904486077775	0	-0.005776189798171849	0.0049895139222249085	0.00007
WONB22_3	-0.9808668749240609	1.0574935536906833	-4.440892098500626e-16	-0.005757125075939062	0.004585446309316676	0.00007000000000044408
WONB22_5	-0.9226475609977358	0.9893734300139868	0	-0.005243439002264205	0.004704569986013207	0.00007
WONB22_B1	-1.0027885985234075	0.9857888892132969	0	-0.00525240147659245	0.004665110786703064	0.00007
WONB22_B6	-0.9201235380880933	0.9558732981879765	0	-0.005020461911906637	0.004618701812023507	0.00007
WONB22_B13	-0.889905165672089	1.015664098575921	0	-0.004610834327910984	0.0038309014240789363	0.00007
WONB25_1	-1.2732134209332213	-0.000030093999926933522	0	-0.0026165790667787014	-0.0004899060000730665	0.00007
WONB25_2	-1.2070232539720025	0.026484697284446183	-4.440892098500626e-16	-0.0025027460279976044	-0.0005456972844461831	0.00007000000000044408
WONB25_3	-1.141685276244997	0.05226024395839157	0	-0.0021987237550029626	-0.0002662439583915738	0.00007
WONB25_5	-1.1422614717386135	-0.06509355419898732	0	-0.0018665282613865575	-0.0009714458010126742	0.00007
WONB25_B1	-1.2414709756135847	-0.044604948694485676	-4.440892098500626e-16	-0.0027350243864152635	-0.0010940513055143208	0.00007000000000044408
WONB25_B7	-1.1496934857083116	-0.12068543548885176	-4.440892098500626e-16	-0.0023385142916882984	-0.001780564511148247	0.00007000000000044408
WONB25_B10	-1.0787544570538055	-0.09103102933417022	-4.440892098500626e-16	-0.0014585429461946298	-0.0013639706658297862	0.00007000000000044408
WONB26_3	-2.289229742514485	-0.11300023519195436	0	-0.0029552574855147284	-0.0017057648080456428	0.00007
WONB26_B7	-2.1665778637183575	-0.26482385894025295	0	-0.001254136281642726	-0.004063141059747033	0.00007
WONB26_B11	-2.119156888935726	-0.18518528880454033	0	-0.0027851110642740373	-0.0029827111954596752	0.00007
WONB27_1	0.42055804678618863	0.3855861959484989	0	0.002654953213811373	0.000522804051501069	0.00007
WONB27_2	0.4217326638679403	0.4298483853458581	0	0.002955336132059727	0.00014061465414189067	0.00007
WONB27_3	0.4231573255503809	0.47401063312344194	0	0.002797674449619092	0.00017236687655808325	0.00007
WONB27_5	0.5498596982904844	0.4078701836323233	0	0.0024953017095156182	0.0007138163676767006	0.00007
WONB27_B1	0.4852175577323184	0.37419614244583305	0	0.0026284422676816077	0.0006308575541669748	0.00007
WONB27_B7	0.6040351915890846	0.37406517541055745	0	0.0023968084109153853	0.00040882458944252464	0.00007
WONB27_B12	0.5708348115974043	0.4469244820121736	0	0.0027881884025956483	0.00042551798782641814	0.00007
WONB28_1	1.4638401249732738	0.9735906548706186	0	0.006477875026726254	0.00757234512938143	0.00007
WONB28_2	1.5038826973934571	0.9783242185310846	0	0.005671302606542916	0.008119781468915344	0.00007
WONB28_3	1.543441710139168	0.9828812012069945	0	0.005415289860831951	0.00852179879300552	0.00007
WONB28_5	1.5569126276279386	0.9213618145421925	0	0.0054833723720613126	0.00854518545780758	0.00007
WONB28_B1	1.4904681864148797	0.9461474861647807	0	0.006209813585120294	0.008326513835219318	0.00007
WONB28_B7	1.5572084235498018	0.8922088327239215	0	0.005490576450198237	0.008373167276078508	0.00007
WONB28_B13	1.597451917939169	0.9262701940590267	0	0.004451082060831002	0.008575805940973291	0.00007
WONB29_1	-1.8717121451211385	0.8603335407084604	0	-0.001508854878861543	0.009851459291539633	0.00007
WONB29_2	-1.826712261972462	0.8895564925094075	4.440892098500626e-16	-0.0019337380275379346	0.009452507490592454	0.0000699999999995559
WONB29_3	-1.7814791966162848	0.9183648261208549	0	-0.0021288033837152387	0.00945117387914507	0.00007
WONB29_5	-1.7328514858188213	0.8442732385190163	0	-0.0028725141811787314	0.009169761480983696	0.00007
WONB29_B1	-1.8256356325906784	0.8395651979359957	0	-0.001900367409321646	0.008374802064004316	0.00007
WONB29_B7	-1.7177312313505761	0.8083037108792378	0	-0.0019277686494239	0.009134289120762196	0.00007
WONB29_B14	-1.7060240620530136	0.8790524995115115	0	-0.002689937946986465	0.00910550048848846	0.00007
WONB2_1	1.930718134276034	-0.3606980003942264	0	-0.004579134276033958	-0.004110999605773602	0.00007
WONB2_2	1.9231128524979846	-0.3075404165099734	0	-0.004179852497984582	-0.0033355834900266057	0.00007
WONB2_3	1.9158446605766521	-0.25532490692544385	0	-0.0038856605766521835	-0.0026770930745561583	0.00007
WONB2_5	2.0476312915834747	-0.3368128384189032	0	-0.00497529158347465	-0.003480161581096819	0.00007
WONB2_B1	1.9946387193058857	-0.3746233422725744	4.440892098500626e-16	-0.0051547193058856244	-0.003942657727425636	0.0000699999999995559
WONB2_B4	2.057090288774953	-0.3899579000655482	0	-0.004826288774952836	-0.0037560999344518065	0.00007
WONB2_B8	2.1102398128444007	-0.36378667203212006	0	-0.005979812844400634	-0.00348232796787995	0.00007
WONB30_1	-1.767154925266711	-0.4761824085543715	-4.440892098500626e-16	-0.0022920747332890734	-0.00671859144562853	0.00007000000000044408
WONB30_2	-1.684209738095381	-0.4806395394796151	4.440892098500626e-16	-0.002491261904618902	-0.006573460520384933	0.0000699999999995559
WONB30_3	-1.6009244299169385	-0.48578876492586065	-4.440892098500626e-16	-0.0033505700830613883	-0.006883235074139349	0.00007000000000044408
WONB30_5	-1.724019525340814	-0.613787869899021	-4.440892098500626e-16	-0.002539474659186025	-0.008636130100978967	0.00007000000000044408
WONB30_B1	-1.7881108901174674	-0.5411298524499327	0	-0.002348109882532645	-0.007511147550067321	0.00007
WONB30_B7	-1.7874677871243132	-0.6715929096438447	0	-0.002474212875686721	-0.00875709035615535	0.00007
WONB30_B15	-1.6310328153898528	-0.5713699365962347	-4.440892098500626e-16	-0.003171184610147204	-0.007887063403765326	0.00007000000000044408
WONB31_1	1.7473504964390263	0.39468672541852345	0	0.0004215035609738127	0.005108274581476557	0.00007
WONB31_2	1.7431690698180746	0.429286246653211	4.440892098500626e-16	0.0007689301819253647	0.005076753346788976	0.0000699999999995559
WONB31_3	1.7382669034637075	0.4625046042543293	0	0.001193096536292515	0.0051843957456707	0.00007
WONB31_5	1.8534165041860966	0.40377531892800467	0	0.00034649581390344686	0.005505681071995339	0.00007
WONB31_B1	1.8030230165762686	0.3819870069386079	0	-0.0006710165762686682	0.005016993061392139	0.00007
WONB31_B8	1.9079841173083205	0.3829847301097146	0	-0.00018411730832057494	0.005679269890285388	0.00007
WONB31_B11	1.8829176375768923	0.4222629182731965	4.440892098500626e-16	0.0004913624231077662	0.0056310817268034885	0.0000699999999995559
WONB32_1	0.9001566007760075	-1.1194678344424962	4.440892098500626e-16	0.005206399223992575	-0.003279165557503738	0.0000699999999995559
WONB32_2	0.933545007323143	-1.0628803915474054	0	0.005290992676856954	-0.0037276084525945663	0.00007
WONB32_3	0.9669798420582787	-1.0060130537168273	-4.440892098500626e-16	0.004481157941721325	-0.004160946283172651	0.00007000000000044408
WONB32_5	1.0710808770996594	-1.1556893747614843	4.440892098500626e-16	0.005115122900340552	-0.004149625238515808	0.0000699999999995559
WONB32_B1	0.9692378189713249	-1.1662518148720005	4.440892098500626e-16	0.005908181028675075	-0.003190185127999623	0.0000699999999995559
WONB32_B8	1.1321976890236436	-1.214850301769876	0	0.0059793109763564	-0.004373698230124123	0.00007
WONB32_B12	1.1247781963377301	-1.115229419000401	0	0.005058803662269851	-0.004343580999598862	0.00007
WONB33_2	0.8885027895468846	-0.03760575545943287	0	-0.0006917895468845359	0.00041275545943287445	0.00007
WONB33_3	0.9401937348832224	-0.021842199468682603	0	-0.00048773488322240155	0.00034619946868260157	0.00007
WONB33_5	0.9592827253556352	-0.13045669296918527	0	-0.00045472535563517713	-0.000049307030814738084	0.00007
WONB33_B8	0.9814299102363662	-0.18373601139817264	0	-0.0007829102363661189	-0.00028698860182735375	0.00007
WONB33_B13	1.0118114002892067	-0.11324621800569304	0	-0.0005484002892066631	-0.0000857819943069632	0.00007
WONB34_1	0.15380262020949784	1.0137393472859362	-4.440892098500626e-16	0.0020363797905021686	-0.00045634728593624274	0.00007000000000044408
WONB34_2	0.1781444444133781	1.036991975724481	4.440892098500626e-16	0.0027185555866219013	-0.00039697572448105234	0.0000699999999995559
WONB34_3	0.2020931521127053	1.0592732334844281	0	0.0027178478872947054	-0.00020223348442804934	0.00007
WONB34_5	0.2652429960835964	0.9963514677329295	0	0.0033400039164036	-0.0002774677329294706	0.00007
WONB34_B1	0.1974909467793329	0.9942432937488176	0	0.002635053220667094	-0.0005732937488175383	0.00007
WONB34_B8	0.30269928671305063	0.97032724352139	0	0.0033467132869493543	-0.00040124352139003783	0.00007
WONB34_B14	0.27320210077620194	1.02543092975961	0	0.0034368992237980844	-0.00011092975961002338	0.00007
WONB38_1	-0.3230052483813452	0.8773216878758098	0	-0.0010327516186547925	-0.000341687875809793	0.00007
WONB38_2	-0.270186142523114	0.8646376021598764	0	-0.0003738574768860081	-0.000496602159876347	0.00007
WONB38_3	-0.21738002450121194	0.8516521154526775	0	-0.00033197549878805077	-0.0006441154526775072	0.00007
WONB38_5	-0.2936440949075728	0.8004953032567103	0	-0.0004169050924272	-0.00038730325671021415	0.00007
WONB38_B1	-0.33508258563473	0.84672486325669	0	-0.000918414365270015	-0.0003158632566900854	0.00007
WONB38_B9	-0.2933347687511488	0.7638016744754347	-4.440892098500626e-16	-0.00047423124885120904	-0.0001946744754346419	0.00007000000000044408
WONB38_B14	-0.23911006397924123	0.7997256525183359	0	-0.00007493602075878125	-0.0003676525183359258	0.00007
WONB3_1	-0.3894808428406679	0.2262666307577513	0	0.0014818428406679351	0.00020836924224870712	0.00007
WONB3_2	-0.4064759556309358	0.18196728300011747	0	-0.0004930443690642217	0.000060716999882526324	0.00007
WONB3_3	-0.4237742170808845	0.13526679052412224	0	-0.0002757829191155081	0.0001832094758777436	0.00007
WONB3_5	-0.5309056709623797	0.21391632295977997	0	-0.0003953290376202956	0.00041267704022002194	0.00007
WONB3_B1	-0.45109718353283285	0.2429895461685855	0	-0.0002458164671671481	0.00040945383141449687	0.00007
WONB3_B4	-0.5125342196094275	0.2591823893849267	0	-0.0005507803905725472	0.00041861061507331154	0.00007
WONB3_B9	-0.5959752463916425	0.2185445995695383	0	-0.0006207536083575604	0.0003544004304616988	0.00007
WONB40_1	-2.0970010882230907	0.27519853390762655	0	-0.002595911776909432	0.00332646609237347	0.00007
WONB40_2	-2.063135302309797	0.32170928019778894	0	-0.0024516976902027032	0.00421371980221108	0.00007
WONB40_3	-2.030248581306044	0.36887697810702985	0	-0.0014464186939560086	0.004213021892970126	0.00007
WONB40_5	-1.9286610792007481	0.2937566611341263	4.440892098500626e-16	-0.0024849207992518885	0.003951338865873677	0.0000699999999995559
WONB40_B1	-2.029570168162455	0.26145831812017567	0	-0.0023698318375449112	0.003590681879824309	0.00007
WONB40_B10	-1.8548214312222788	0.3060059941728407	0	-0.0023165687777211286	0.004264005827159301	0.00007
WONB40_B13	-1.8968151326047085	0.3404011454366934	0	-0.002842867395291604	0.004682854563306582	0.00007
WONB41_1	0.9285387897130412	1.2986443139253956	-4.440892098500626e-16	0.008707210286958866	0.00438768607460438	0.00007000000000044408
WONB41_2	0.9709355584117538	1.2840800792857316	0	0.009793441588246132	0.0045249207142683545	0.00007
WONB41_3	1.014586942867759	1.2698685057112762	0	0.009742057132241078	0.005103494288723809	0.00007
WONB41_5	0.9546563663043997	1.237623770306105	-4.440892098500626e-16	0.009621633695600318	0.005422229693895053	0.00007000000000044408
WONB41_B1	0.9193140172650479	1.2757473612128956	-4.440892098500626e-16	0.009761982734952102	0.004539638787104394	0.00007000000000044408
WONB41_B10	0.971142813358411	1.2097230076174164	4.440892098500626e-16	0.009659186641588935	0.00561599238258359	0.0000699999999995559
WONB41_B14	0.9992646319843631	1.2327557945307517	-4.440892098500626e-16	0.009387368015636999	0.005645205469248404	0.00007000000000044408
WONB42_1	1.009643580396964	0.5774735476538033	0	0.0027854196030361322	0.003007452346196704	0.00007
WONB42_2	1.0330750705976715	0.6015486950620159	0	0.0027379294023286427	0.0030753049379841357	0.00007
WONB42_3	1.0561445780291796	0.6255729176415741	0	0.0032124219708205004	0.0035720823584258765	0.00007
WONB42_5	1.1311458879792142	0.5530361263630015	0	0.0026581120207858078	0.003701873636998476	0.00007
WONB42_B1	1.0587972059836677	0.5541022546853002	0	0.0028507940163322587	0.002943745314699875	0.00007
WONB42_B10	1.184496246713582	0.5436766100438235	0	0.002817753286417979	0.0037753899561765447	0.00007
WONB42_B15	1.1196795809609088	0.5932388205134868	0	0.003386419039091093	0.0035961794865132513	0.00007
WONB46_1	-1.0998763431693128	-0.9116351877051633	0	-0.004857656830687285	-0.006851812294836779	0.00007
WONB46_2	-1.0152711168465622	-0.9040103095386863	0	-0.004103883153437682	-0.005962690461313702	0.00007
WONB46_3	-0.9309507396973465	-0.8959414650205476	0	-0.003954260302653445	-0.005769534979452429	0.00007
WONB46_5	-1.0133044063813135	-1.0559117561400773	0	-0.0053425936186866085	-0.006454243859922659	0.00007
WONB46_B2	-1.095494592563054	-1.0101702599548292	-4.440892098500626e-16	-0.005023407436946181	-0.007131740045170698	0.00007000000000044408
WONB46_B5	-1.0952181354486734	-1.089983142189032	0	-0.004756864551326512	-0.007294857810967947	0.00007
WONB46_B8	-1.0322885135240862	-1.1361581839952595	4.440892098500626e-16	-0.0052904864759137915	-0.006491816004740469	0.0000699999999995559
WONB47_1	0.31339227433950934	0.6485729095305235	0	0.0016297256604906885	-0.00014990953052351763	0.00007
WONB47_2	0.3349264551996123	0.6781505795350883	0	0.0023765448003877365	-0.00040957953508824474	0.00007
WONB47_3	0.3559286571626713	0.7080568772378973	0	0.0024433428373287214	-0.0006528772378973091	0.00007
WONB47_5	0.4352395499530423	0.6365324994916652	0	0.0010714500469576893	-0.00008849949166522819	0.00007
WONB48_1	0.7098920887653346	0.9675991200350751	0	0.005363911234665397	0.0022098799649249434	0.00007
WONB48_2	0.717457516746205	0.9941455993905096	0	0.005180483253795054	0.0027564006094903393	0.00007
WONB48_3	0.7250814297317284	1.0207190700291184	0	0.0057145702682716015	0.0029759299708815856	0.00007
WONB48_5	0.8135521944240074	0.96667716814623	0	0.005994805575992634	0.0030028318537700383	0.00007
WONB48_B2	0.7746282705843578	0.9511380437126961	0	0.005468729415642248	0.0023149562873039375	0.00007
WONB48_B5	0.8225736408393214	0.9356528566601959	0	0.005363359160678649	0.0031661433398040284	0.00007
WONB48_B10	0.8575194011761912	0.9685299765948447	0	0.007147598823808776	0.003515023405155304	0.00007
WONB4_1	-1.3171353068709193	0.5795271158099894	0	-0.0036956931290808015	0.004731884190010582	0.00007
WONB4_2	-1.265030747498147	0.6053647943718725	0	-0.004242252501853061	0.004832205628127473	0.00007
WONB4_3	-1.2139830009904504	0.6307890242883932	0	-0.00408299900954967	0.004527975711606791	0.00007
WONB4_5	-1.1837408467549422	0.5439762214852785	0	-0.003749153245057757	0.004085778514721583	0.00007
WONB4_B1	-1.2764229928484225	0.5496735730018725	4.440892098500626e-16	-0.003927007151577566	0.004423426998127478	0.0000699999999995559
WONB4_B4	-1.2353843776774165	0.5179103367543828	0	-0.0035286223225834412	0.004017663245617142	0.00007
WONB4_B10	-1.1213026160123412	0.5308145751501079	0	-0.0031763839876588484	0.0038864248498921006	0.00007
WONB5_1	-0.3948731466253353	1.1725916690419482	0	-0.0025608533746647177	0.0013263309580517912	0.00007
WONB5_2	-0.393975313154777	1.1427005000719912	0	-0.0025606868452229814	0.0013264999280087064	0.00007
WONB5_3	-0.39335027842384795	1.1120618909714726	4.440892098500626e-16	-0.0020917215761520613	0.0007601090285274115	0.0000699999999995559
WONB5_5	-0.49650438748476605	1.1508984867641114	-4.440892098500626e-16	-0.003208612515233966	0.0016835132358885563	0.00007000000000044408
WONB5_B1	-0.44543938685658707	1.177125449351502	0	-0.0029196131434129358	0.001636550648498103	0.00007
WONB5_B4	-0.4962110671124597	1.1811206129194394	0	-0.0035019328875403044	0.00204438708056065	0.00007
WONB5_B11	-0.5287966095954074	1.1296707070255598	-4.440892098500626e-16	-0.0034153904045926	0.0018512929744400886	0.00007000000000044408
WONB7_5	1.9060498783969366	0.6779183941253829	0	0.0008771216030634132	0.008068605874617107	0.00007
WONB7_B1	1.912808873282727	0.7163339176159766	0	0.0010731267172729986	0.007344082384023398	0.00007
WONB7_B4	1.873658885390825	0.7079437777505962	0	0.0010611146091750179	0.008241222249403712	0.00007
WONB7_B13	1.9395857751461454	0.6485288502226447	-4.440892098500626e-16	0.0007652248538545514	0.0074031497773552335	0.00007000000000044408
WONB9_1	1.2754237492631506	0.17753898213192842	0	0.0002562507368493172	0.0016110178680715792	0.00007
WONB9_2	1.3140478059279332	0.200492819244779	0	0.00022219407206680586	0.002103180755221007	0.00007
WONB9_3	1.3524917306395225	0.2238016934334726	0	0.0005462693604774138	0.001841306566527423	0.00007
WONB9_5	1.4054372126897439	0.12386977582920881	0	-0.0003252126897439478	0.001275224170791192	0.00007
WONB9_B1	1.321229689100262	0.1396638632933624	0	0.00012131089973799192	0.0012471367066376193	0.00007
WONB9_B4	1.3669910968043193	0.10051669526027848	0	-0.0001240968043192403	0.0010703047397215143	0.00007
WONB9_B15	1.4109118534845442	0.1727793048084929	0	0.000008146515455775827	0.0017596951915070935	0.00007
