44	0.930549726269413	0.865909621848947	0	0.00920027373058696	0.0017403781510529903	0.00042
45	-0.09718647071127887	0.2623939260013912	0	0.0016364707112788701	-0.004093926001391246	0.00042
46	0.8855753101150958	0.6495974914771357	4.440892098500626e-16	0.0020246898849041184	0.0028025085228642332	0.00041999999999955593
47	-0.09118000213086014	0.047770834427060295	0	0.007180002130860133	0.0029791655729397085	0.00042
48	0.042780217481166345	0.11380943946666677	0	-0.00008021748116634336	-0.0004094394666667722	0.00042
52	-0.5532595908971775	0.4989268700989271	0	-0.00009040910282254178	0.001573129901072834	0.00042
WONB2	-0.5192048367541896	1.292019687331149	0	-0.006297163245810422	0.002196312668851119	0.00007
WONB3	0.3995167166969954	0.038035749223265934	0	0.00046028330300462716	-0.000246749223265931	0.00007
WONB4	0.6074966217277177	-0.7408891618708674	4.440892098500626e-16	0.0018353782722823064	-0.0004598381291326392	0.0000699999999995559
WONB5	-0.939552169179259	-0.8773902447927139	0	-0.0035578308207410148	-0.004576755207286065	0.00007
WONB7	-1.8416706458010235	1.0278783579594475	0	-0.002020354198976504	0.009328642040552504	0.00007
WONB9	-0.6984966270778422	0.9437904014881575	4.440892098500626e-16	-0.004658372922157761	0.002948598511842482	0.0000699999999995559
WONB11	1.86219298973151	0.6052497658439914	-4.440892098500626e-16	0.00300701026849004	0.007732234156008655	0.00007000000000044408
WONB13	0.0019117339325585736	1.247789528823457	0	-0.0012727339325585736	0.0003504711765429658	0.00007
WONB14	-1.683750002777502	0.5803890449517201	4.440892098500626e-16	-0.003464997222497823	0.007433955048279928	0.0000699999999995559
WONB20	0.647233061905855	0.9000719825764714	0	0.0021019380941450505	0.0006070174235286441	0.00007
WONB21	-1.833227168171915	-0.9634833042911776	0	-0.0018078318280849714	-0.010170695708822453	0.00007
WONB22	-0.18555321190473067	-1.117557043007531	0	-0.0018847880952693186	0.00044804300753109594	0.00007
WONB25	1.066021174281907	-0.18475912013156628	0	0.00041782571809290125	-0.0015918798684337043	0.00007
WONB26	1.9585617023679631	-0.6223981283938843	4.440892098500626e-16	0.0005162976320369772	-0.008458871606115692	0.0000699999999995559
WONB27	-0.18772914327792742	0.7093676249803934	0	-0.0012848567220725693	-0.0005216249803934314	0.00007
WONB28	-2.101860630571389	0.6962610769230454	0	-0.00026436942861085555	0.007970923076954572	0.00007
WONB30	1.7037819945967085	-0.09861453826128974	0	0.000999005403291564	-0.0015314617387102575	0.00007
WONB31	-1.2898531655518122	1.056476731706373	4.440892098500626e-16	-0.007507834448187811	0.00795926829362692	0.0000699999999995559
WONB34	-1.2692874000360266	-0.19767357947232894	0	-0.000888599963973391	-0.001844420527671059	0.00007
WONB35	1.298300336328074	1.2962595563016093	-4.440892098500626e-16	0.007712663671926023	0.005965443698390693	0.00007000000000044408
WONB37	1.0378118337563793	0.9187011406229972	0	0.005055166243620679	0.003571859377002773	0.00007
WONB38	-0.5139908225216405	-0.36674273805963437	0	-0.00018017747835952225	-0.000764261940365607	0.00007
WONB40	1.4834947157187819	-0.9590437568077673	4.440892098500626e-16	0.004464284281218145	-0.009959243192232625	0.0000699999999995559
WONB42	-1.0989680090400822	0.6499734357482063	4.440892098500626e-16	-0.003800990959917927	0.004948564251793686	0.0000699999999995559
WONB45	1.7914499468598772	0.9540234540123445	0	0.004221053140122777	0.009796545987655558	0.00007
WONB46	1.471295690395982	0.3830893177351345	0	0.0023873096040181174	0.003696682264865525	0.00007
WONB47	-0.7535351899807124	0.21217067928717145	0	-0.00014481001928756676	0.0008663207128285499	0.00007
WONB48	-1.6282793489186869	0.20660967427859175	0	-0.0010646510813130394	0.002939325721408259	0.00007
WONB49	-2.194356607285623	-0.37024710496262236	0	0.0016586072856230594	-0.004755895037377611	0.00007
WONB11_1	1.7824913926192962	0.625465060565789	0	0.0027586073807037703	0.0075239394342110355	0.00007
WONB11_2	1.8267744197623803	0.639035415485712	0	0.003249580237619787	0.007927584514287989	0.00007
WONB11_3	1.8703279313994394	0.6520212327387397	0	0.003537068600560467	0.007788767261260321	0.00007
WONB11_5	1.8979335512472457	0.5699491510257022	4.440892098500626e-16	0.002502448752754294	0.007917848974297814	0.0000699999999995559
WONB11_B1	1.818378218805685	0.5922226110650614	0	0.0026397811943150717	0.007407388934938641	0.00007
WONB11_B5	1.868183483086711	0.545969145803102	0	0.0015195169132888875	0.007255854196898004	0.00007
WONB11_B9	1.943258180900001	0.5388000942647971	0	0.0023488190999991776	0.007356905735202868	0.00007
WONB13_1	0.010800479450446132	1.2062780186345474	0	-0.0010284794504461323	0.0002929813654526381	0.00007
WONB13_2	-0.02621522540986571	1.2242092235343336	0	-0.0014167745901342912	0.00046777646566642517	0.00007
WONB13_3	-0.0630766124088694	1.2418049183551847	0	-0.0017983875911306013	0.0003350816448153271	0.00007
WONB13_5	0.02968692398225421	1.2701409550417622	0	-0.0009809239822542101	0.0003710449582379205	0.00007
WONB13_B1	0.03894976803924094	1.2305084581496735	0	-0.0009357680392409404	0.00026254185032659194	0.00007
WONB13_B5	0.07352390534074747	1.2606252790676922	-4.440892098500626e-16	-0.0005299053407474691	0.0003327209323078506	0.00007000000000044408
WONB13_B11	0.018078854508359818	1.296621590955021	0	-0.0011348545083598172	0.0004054090449789882	0.00007
WONB14_1	-1.6541959876027381	0.5313896455266531	0	-0.002774012397261938	0.007050354473346898	0.00007
WONB14_2	-1.7074499178814717	0.5395212799180934	0	-0.0027950821185283026	0.006860720081906635	0.00007
WONB14_3	-1.7601322547289084	0.5464978914181609	0	-0.002650745271091548	0.007272108581839132	0.00007
WONB14_5	-1.6588713392013175	0.6169971610076409	0	-0.0036736607986824765	0.007976838992359125	0.00007
WONB14_B1	-1.6312462117956084	0.5729347129343224	0	-0.003219788204391616	0.006910287065677645	0.00007
WONB14_B5	-1.6018158109149534	0.6218975192566473	0	-0.0039051890850465565	0.007524480743352768	0.00007
WONB14_B12	-1.7006923250231034	0.6360153225782882	0	-0.0025756749768965914	0.007924677421711768	0.00007
WONB20_1	0.5750964188100983	0.925554167963679	0	0.0018985811899017158	0.0002328320363210734	0.00007
WONB20_2	0.628302221667611	0.9337763565755061	0	0.002376778332389029	0.0007666434244939513	0.00007
WONB20_3	0.6813690439365335	0.9428288381839443	0	0.002560956063466513	0.0010951618160557341	0.00007
WONB20_5	0.6662836290479892	0.863064430942643	0	0.0021953709520108333	0.0007185690573570103	0.00007
WONB20_B1	0.5936353826576234	0.8914161331761356	0	0.0019196173423765561	0.0003458668238645046	0.00007
WONB20_B6	0.6355952780975563	0.8327272783206731	0	0.0018987219024436675	0.00040372167932689607	0.00007
WONB20_B11	0.7206127295574228	0.8465239898068749	0	0.0023242704425772143	0.0010160101931250276	0.00007
WONB21_1	-1.9050650028479963	-1.053775684543087	0	-0.0007099971520037052	-0.009952315456912997	0.00007
WONB21_2	-1.9120552195183806	-0.9886966785685306	-4.440892098500626e-16	-0.0003167804816193165	-0.009292321431469408	0.00007000000000044408
WONB21_3	-1.9193831026554038	-0.9243392901762943	0	-0.00017289734459624562	-0.00970970982370567	0.00007
WONB21_5	-1.7538676425208999	-0.9389403360976186	-4.440892098500626e-16	-0.002373357479100058	-0.009649663902381422	0.00007000000000044408
WONB21_B1	-1.825210280307943	-1.0278716507460133	-4.440892098500626e-16	-0.001874719692056992	-0.010123349253986724	0.00007000000000044408
WONB21_B6	-1.6981939848180008	-0.973579335766871	-4.440892098500626e-16	-0.0020830151819992704	-0.00959866423312905	0.00007000000000044408
WONB21_B12	-1.737652794510894	-0.8709976687192337	0	-0.0017472054891061184	-0.009576331280766293	0.00007
WONB22_1	-0.10046574420195438	-1.17946896557695	-4.440892098500626e-16	-0.0016022557980456265	0.0006619655769499744	0.00007000000000044408
WONB22_2	-0.17549644513940002	-1.191181146160816	4.440892098500626e-16	-0.0021825548605999834	0.0004761461608160378	0.0000699999999995559
WONB22_3	-0.25164178761916667	-1.2035566226357302	0	-0.0023822123808333595	0.000505622635730063	0.00007
WONB22_5	-0.1949003102506526	-1.047094935958517	0	-0.0016576897493474074	0.0008009359585170461	0.00007
WONB22_B1	-0.11130078673308139	-1.105840330297087	0	-0.0012952132669186156	0.0008773302970870311	0.00007
WONB22_B6	-0.14370173369792563	-0.9950201256270982	4.440892098500626e-16	-0.0010262663020743634	0.0010441256270982135	0.0000699999999995559
WONB22_B13	-0.2685941819592237	-1.05872848813559	4.440892098500626e-16	-0.002208818040776328	0.00023648813559007387	0.0000699999999995559
WONB25_1	1.121889235036335	-0.2514707379283906	0	0.0008157649636650888	-0.002026262071609386	0.00007
WONB25_2	1.0569277094798126	-0.2354791233066169	0	0.0006442905201873295	-0.0017318766933830942	0.00007
WONB25_3	0.9919702551023171	-0.21999958870254593	0	0.00045174489768295967	-0.00165841129745406	0.00007
WONB25_5	1.074376424709193	-0.1365218369406387	0	0.000565575290807141	-0.0011931630593612907	0.00007
WONB25_B1	1.1306450886070896	-0.19984934490942963	0	0.0005899113929104249	-0.0017216550905703731	0.00007
WONB25_B7	1.1149432042704768	-0.10491507484696036	0	0.00042679572952319944	-0.0011839251530396389	0.00007
WONB25_B10	1.0471980857789505	-0.08897988494429615	0	0.0004339142210494362	-0.0009521150557038477	0.00007
WONB26_1	2.0601637661573933	-0.6593896992547914	0	0.0012982338426068551	-0.00951330074520862	0.00007
WONB26_2	2.002282712714942	-0.6803355667787625	0	0.0020842872850579397	-0.008993433221237468	0.00007
WONB26_3	1.9434542712341027	-0.7021802987184741	0	0.0007747287658972368	-0.009460701281525874	0.00007
WONB26_5	1.9135075684034364	-0.5676602474844973	0	0.0017594315965636653	-0.007974752515502725	0.00007
WONB26_B1	2.0165074895581383	-0.6017020262603577	-4.440892098500626e-16	0.0015525104418618874	-0.008470973739642229	0.00007000000000044408
WONB26_B7	1.908066663646537	-0.5122896996868629	-4.440892098500626e-16	0.0006263363534628752	-0.0068473003131370724	0.00007000000000044408
WONB26_B11	1.841145558318832	-0.5498097799608924	4.440892098500626e-16	0.0013144416811678994	-0.008169220039107583	0.0000699999999995559
WONB27_1	-0.10705634165248991	0.6966394228376935	0	-0.0010126583475100898	-0.000934422837693516	0.00007
WONB27_2	-0.15851914220879698	0.674918708699592	0	-0.0010608577912030182	-0.0007107086995919998	0.00007
WONB27_3	-0.21044128085516667	0.6539135212257496	-4.440892098500626e-16	-0.0010927191448333318	-0.000341521225749597	0.00007000000000044408
WONB27_5	-0.21648842952366434	0.7433286402005785	0	-0.0016105704763356432	-0.0006326402005785159	0.00007
WONB27_B1	-0.1366166503815135	0.7303257366806624	0	-0.00126434961848651	-0.0008147366806623424	0.00007
WONB27_B7	-0.21330711342115372	0.78181712945343	0	-0.0016698865788462858	-0.0005241294534299445	0.00007
WONB27_B12	-0.2743459120597951	0.7358235322713732	0	-0.00168708794020489	-0.0005005322713732552	0.00007
WONB28_1	-2.110263293839087	0.6433013349656969	-4.440892098500626e-16	-0.0010487061609127935	0.00735066503430315	0.00007000000000044408
WONB28_2	-2.1471677976137222	0.6644020193444568	0	0.0009037976137222792	0.007906980655543294	0.00007
WONB28_3	-2.1831014225739103	0.6853614539455162	0	0.0013754225739104342	0.008199546054483808	0.00007
WONB28_5	-2.0571695747188543	0.726079471428085	0	-0.0009724252811458278	0.008168528571914968	0.00007
WONB28_B1	-2.06588381872257	0.6753673133570202	0	-0.001019181277429837	0.007744686642979892	0.00007
WONB28_B7	-1.9998667439585043	0.7384058689272972	0	-0.0016552560414957451	0.008293131072702797	0.00007
WONB28_B13	-2.0937342097680456	0.7468469214432917	0	-0.00007479023195422485	0.008348078556708272	0.00007
WONB2_2	-0.5014735296675754	1.267770702676952	0	-0.005985470332424581	0.0018392973230478837	0.00007
WONB2_3	-0.5454792142819866	1.258023996500393	0	-0.006131785718013316	0.00260900349960691	0.00007
WONB30_1	1.715356179519767	-0.17040056262460565	0	0.0009378204802330536	-0.002760437375394359	0.00007
WONB30_2	1.6628289896992396	-0.13010970580450748	0	0.0011380103007603282	-0.0016442941954925294	0.00007
WONB30_3	1.6107254729006413	-0.09019373683145641	0	0.001267527099358734	-0.0016022631685435884	0.00007
WONB30_5	1.7429247261748342	-0.06962070706133973	0	0.0008172738251657208	-0.0012322929386602705	0.00007
WONB30_B1	1.7559786854734887	-0.1387914410276421	0	0.001025314526511334	-0.0022455589723578973	0.00007
WONB30_B7	1.8038870929793303	-0.06651291893216023	0	0.0010839070206698498	-0.0017850810678397694	0.00007
WONB30_B15	1.667669954699871	-0.05172671753673408	0	0.001241045300129029	-0.0005082824632659175	0.00007
WONB31_1	-1.2284612852127192	1.040046148832427	0	-0.006873714787280827	0.0076088511675729276	0.00007
WONB31_2	-1.2788688671714663	1.0263185046026733	0	-0.006680132828533747	0.007918495397326808	0.00007
WONB31_3	-1.3285750811088026	1.0119880520730562	0	-0.006827918891197271	0.008068947926943792	0.00007
WONB31_5	-1.3013647377134419	1.0856846426000593	0	-0.007221262286558172	0.007783357399940849	0.00007
WONB31_B1	-1.240320449848248	1.0697608881236225	0	-0.006915550151751937	0.007671111876377479	0.00007
WONB31_B8	-1.3007061683341439	1.116445874646205	0	-0.007611831665856217	0.008192125353795099	0.00007
WONB31_B11	-1.3467526480830412	1.0929570012919365	0	-0.007132351916958823	0.008462998708063552	0.00007
WONB34_1	-1.207826106005834	-0.24585778397565747	0	-0.0007228939941661405	-0.0020362160243425353	0.00007
WONB34_2	-1.2748506193326485	-0.250739153729602	0	-0.0011143806673514778	-0.002414846270398008	0.00007
WONB34_3	-1.342326411374807	-0.2564422533675666	0	-0.0012665886251930214	-0.002547746632433401	0.00007
WONB34_5	-1.2629062751102296	-0.1464644343630736	0	-0.0010197248897705347	-0.0011045656369264023	0.00007
WONB34_B1	-1.202604121497235	-0.19254234994744646	0	-0.000989878502765107	-0.0014466500525535386	0.00007
WONB34_B8	-1.2422910080912688	-0.09661647709807766	4.440892098500626e-16	-0.00071099190873114	-0.0005955229019223435	0.0000699999999995559
WONB34_B14	-1.3279551265814213	-0.16784903987567812	0	-0.0009278734185786952	-0.0014739601243218825	0.00007
WONB35_1	1.3451870132552397	1.26251811390753	0	0.0075439867447602005	0.006559886092469824	0.00007
WONB35_2	1.2978481493425242	1.2686653165554562	0	0.00768985065747585	0.006270683444543845	0.00007
WONB35_B1	1.3453278569477451	1.289370928253475	-4.440892098500626e-16	0.0075451430522548435	0.007418071746524868	0.00007000000000044408
WONB37_1	0.9650756487719883	0.9278802115133241	4.440892098500626e-16	0.005027351228011789	0.0036457884866758494	0.0000699999999995559
WONB37_2	1.0068348457272382	0.9418062741085363	0	0.004863154272761738	0.0038507258914636244	0.00007
WONB37_3	1.0484536956927353	0.9558128558881764	0	0.00491130430726483	0.004037144111823543	0.00007
WONB37_B13	1.110127204499607	0.904718578065285	-4.440892098500626e-16	0.00466179550039314	0.004428421934715043	0.00007000000000044408
WONB38_1	-0.551559668460198	-0.4438702963891197	0	-0.0000633315398019807	-0.0010777036108803317	0.00007
WONB38_2	-0.5759806185886643	-0.39349688264330696	0	-0.00013838141133570847	-0.0012631173566930443	0.00007
WONB38_3	-0.6000956872139116	-0.34443287742608825	0	0.00013568721391155059	-0.0009681225739117671	0.00007
WONB38_5	-0.4526718652990529	-0.3421424876532627	0	0.0000568652990529106	-0.000686512346737278	0.00007
WONB38_B1	-0.4893296931010972	-0.4168262363628944	0	-0.00012930689890278124	-0.0006387636371055772	0.00007
WONB38_B9	-0.39902832915597425	-0.3079624215913945	0	-0.0000506708440257686	-0.0004105784086055331	0.00007
WONB38_B14	-0.4960708777454575	-0.3040015495601777	0	-0.00007512225454248123	-0.0006364504398223003	0.00007
WONB3_1	0.3165415138888056	0.059884657363802545	4.440892098500626e-16	0.0006334861111944035	-0.0003066573638025455	0.0000699999999995559
WONB3_2	0.3704736657085816	0.07972275228049851	0	0.0005423342914184226	-0.0002557522804985113	0.00007
WONB3_3	0.42341713749563537	0.09780802392713063	-4.440892098500626e-16	0.0004358625043646147	-0.00004402392713062642	0.00007000000000044408
WONB3_5	0.42904382715362627	-0.004698640986156077	0	0.0006861728463737338	-0.00014535901384392282	0.00007
WONB3_B1	0.34557211889435746	0.01861556109763355	0	0.0004178811056425591	-0.0001955610976335509	0.00007
WONB3_B4	0.3747616879852383	-0.023828893392741194	0	0.0004833120147617054	-0.0002761066072588074	0.00007
WONB3_B9	0.4705521366815797	-0.04300597377075654	0	0.0004988633184203062	-0.00023802622924345984	0.00007
WONB40_1	1.5911138401997986	-0.9886278079984372	0	0.0038351598002013265	-0.009386192001562765	0.00007
WONB40_2	1.5326100505690907	-1.0216075058304164	0	0.004737949430909216	-0.009052494169583536	0.00007
WONB40_3	1.47453597018376	-1.0523602478085983	4.440892098500626e-16	0.004831029816240173	-0.009096752191401825	0.0000699999999995559
WONB40_5	1.4348489251726173	-0.8991441452334021	0	0.003836074827382685	-0.008179854766597883	0.00007
WONB40_B1	1.5417727471478941	-0.9273824968457699	-4.440892098500626e-16	0.003921252852105761	-0.009214503154230114	0.00007000000000044408
WONB40_B10	1.3637102600006283	-0.8659019436563526	0	0.0032597399993716802	-0.006994056343647359	0.00007
WONB40_B13	1.3770918693101728	-0.9291533916641189	-4.440892098500626e-16	0.004731130689827223	-0.008064608335881074	0.00007000000000044408
WONB42_1	-1.0523543810386482	0.6113096318679413	0	-0.002999618961351702	0.004280368132058676	0.00007
WONB42_2	-1.1076002781477072	0.6098555397487843	0	-0.003177721852292814	0.004461460251215743	0.00007
WONB42_3	-1.162998204404822	0.6085860044492755	0	-0.0033737955951780307	0.004976995550724506	0.00007
WONB42_5	-1.0903547530434403	0.6878837868055089	0	-0.004015246956559748	0.004933213194491137	0.00007
WONB42_B1	-1.0443242058692206	0.651332361170125	0	-0.0034817941307794253	0.004699638829874897	0.00007
WONB42_B10	-1.1116647509158248	0.7177983068659842	0	-0.004428249084175162	0.005264693134015785	0.00007
WONB42_B15	-1.147944772160866	0.6614756904811889	0	-0.004023227839134114	0.005222309518811086	0.00007
WONB43_1	0.9727265492600481	1.2120013048110132	0	0.006199450739951873	0.004287695188986751	0.00007
WONB43_2	0.9396649394983739	1.1963077843162926	0	0.006271060501626069	0.004662215683707505	0.00007
WONB45_1	1.759837137975852	0.9189566629724323	0	0.004801862024148118	0.009147337027567759	0.00007
WONB45_2	1.7418482883199675	0.9509455507621324	0	0.004272711680032515	0.00951144923786762	0.00007
WONB45_5	1.840257404930158	0.9559367638283182	0	0.00559159506984197	0.009874236171681816	0.00007
WONB45_B1	1.8101868162564556	0.9229501172307997	0	0.004993183743544405	0.010032882769200335	0.00007
WONB45_B12	1.8388797784658368	0.9867310345856285	0	0.004619221534163165	0.009980965414371545	0.00007
WONB45_B15	1.7905754617885532	0.9849149263365395	0	0.004536538211446839	0.008906073663460412	0.00007
WONB46_1	1.4904690861302239	0.3225379227155595	0	0.0017959138697760668	0.0032130772844405353	0.00007
WONB46_2	1.440194561546309	0.35200148512970253	0	0.002153438453690981	0.00310651487029745	0.00007
WONB46_3	1.3900001493542826	0.3811945659826784	0	0.0019248506457174575	0.003143434017321589	0.00007
WONB46_5	1.501450275665606	0.4116022919100072	0	0.002355724334393905	0.004147708089992819	0.00007
WONB46_B2	1.5288883794656771	0.36555964297919735	0	0.002486620534322803	0.00360435702080264	0.00007
WONB46_B5	1.5583772238778957	0.39385304059379217	-4.440892098500626e-16	0.002476776122104285	0.004067959406207855	0.00007000000000044408
WONB46_B8	1.541853015931478	0.4328007525474764	-4.440892098500626e-16	0.002032984068522037	0.004173247452523565	0.00007000000000044408
WONB47_1	-0.6887937332135761	0.17467738050443427	0	0.0000017332135761050083	0.0004756194955657378	0.00007
WONB47_2	-0.749424161443425	0.1666684672244132	0	-0.000283838556574989	0.0006945327755868147	0.00007
WONB47_3	-0.8102215034092973	0.15918842264918412	0	-0.00027349659070263765	0.0007775773508158779	0.00007
WONB47_5	-0.7571490114624957	0.25543374115720935	0	-0.0003939885375042751	0.001127258842790635	0.00007
WONB47_B2	-0.6981684845605497	0.23403972342575852	0	-0.000038515439450326205	0.0006422765742414849	0.00007
WONB47_B5	-0.7022323377882275	0.27692686278926704	0	-0.0001676622117725568	0.000977137210732948	0.00007
WONB47_B9	-0.7741387286673992	0.29542459986331976	0	-0.00040827133260079584	0.0011594001366802553	0.00007
WONB48_1	-1.5579928942994483	0.17950388424766045	0	-0.001058105700551648	0.0025981157523395637	0.00007
WONB48_2	-1.6203179423713217	0.16313478651232738	0	-0.0009580576286782883	0.0025672134876726094	0.00007
WONB48_3	-1.6833141997695864	0.14707731190288534	0	-0.000724800230413658	0.002467688097114673	0.00007
WONB48_5	-1.6348337421302563	0.24710635712824153	0	-0.0011202578697435683	0.0034246428717584765	0.00007
WONB48_B2	-1.5719279850061292	0.2347052411589849	0	-0.0012570149938708752	0.0035277588410151106	0.00007
WONB48_B5	-1.5788356476761327	0.2743235046682854	0	-0.0012143523238672405	0.0038054953317145923	0.00007
WONB48_B10	-1.6731083194957586	0.27278317074733366	0	-0.0016456805042415201	0.003776829252666314	0.00007
WONB49_1	-2.29586065414398	-0.3957865718512949	0	0.0014306541439799147	-0.004886428148705102	0.00007
WONB49_2	-2.2441588334372007	-0.34617986644505666	0	0.0008248334372007449	-0.003992133554943322	0.00007
WONB49_3	-2.1933906360807796	-0.29712052764324853	0	0.0014266360807795309	-0.00402347235675149	0.00007
WONB49_5	-2.1429431450316336	-0.3964361055836715	0	0.0010561450316335375	-0.005182894416328521	0.00007
WONB49_B2	-2.2262551436574505	-0.42601149968115026	4.440892098500626e-16	0.0012381436574506743	-0.005650500318849727	0.0000699999999995559
WONB49_B5	-2.1740111910191215	-0.4531652162421086	-4.440892098500626e-16	0.0008391910191214436	-0.005711783757891387	0.00007000000000044408
WONB49_B11	-2.0707908714109817	-0.37376137538367443	0	0.0008218714109817782	-0.004784624616325561	0.00007
WONB4_1	0.6804704699233861	-0.8114904744375615	-4.440892098500626e-16	0.001923530076613833	-0.001092525562438551	0.00007000000000044408
WONB4_2	0.6085158138732811	-0.806862227294376	-4.440892098500626e-16	0.002224186126718819	-0.0003817727056240061	0.00007000000000044408
WONB4_3	0.536819876311333	-0.8024051819808227	0	0.0017791236886670614	0.0002561819808226673	0.00007
WONB4_5	0.6063688466768641	-0.6770841849463218	0	0.0017471533231359082	-0.00044581505367813357	0.00007
WONB4_B1	0.6785302056020805	-0.7448530614037572	-4.440892098500626e-16	0.001730794397919455	-0.0009929385962428317	0.00007000000000044408
WONB4_B4	0.6766914262356392	-0.6808440724745226	-4.440892098500626e-16	0.001734573764360814	-0.0008569275254773911	0.00007000000000044408
WONB4_B10	0.5679707905484737	-0.6222106057737562	0	0.0014182094515263755	-0.00035339422624380834	0.00007
WONB5_1	-1.042328121109149	-0.8717513081823722	4.440892098500626e-16	-0.004177878890850861	-0.005001691817627774	0.0000699999999995559
WONB5_2	-0.9793174103985851	-0.8274940836300279	0	-0.003443589601414887	-0.0046329163699720954	0.00007
WONB5_3	-0.9174883018979482	-0.784927302524268	4.440892098500626e-16	-0.0031366981020518603	-0.003923697475731958	0.0000699999999995559
WONB5_5	-0.8989386454955727	-0.9282802140772751	0	-0.004066354504427272	-0.0039037859227248894	0.00007
WONB5_B1	-1.0026312055115492	-0.9218052313334464	-4.440892098500626e-16	-0.004038794488450792	-0.00503676866655367	0.00007000000000044408
WONB5_B4	-0.9623381451263965	-0.9732429411579478	-4.440892098500626e-16	-0.004569854873603507	-0.005104058842052117	0.00007000000000044408
WONB5_B11	-0.8246296309892241	-0.9247780781355002	4.440892098500626e-16	-0.004070369010775843	-0.003625921864499837	0.0000699999999995559
WONB7_1	-1.9160368855950292	1.0181339146345927	0	-0.0008341144049708316	0.008444085365407306	0.00007
WONB7_2	-1.8774798437776274	1.047178347591932	0	-0.0015771562223725333	0.008300652408067988	0.00007
WONB7_3	-1.8391816886337948	1.0756278071779812	0	-0.0019103113662051197	0.008252192822018722	0.00007
WONB7_5	-1.8060417309553227	1.0089224793469078	0	-0.0016212690446772982	0.009256520653092126	0.00007
WONB7_B1	-1.8805381894014754	0.9990391373062686	0	-0.0018228105985245158	0.00911986269373144	0.00007
WONB7_B4	-1.84466403240444	0.9801597065305397	0	-0.0017719675955598646	0.009345293469460225	0.00007
WONB7_B13	-1.7681703003692684	1.0385738932746336	0	-0.002378699630731562	0.009735106725366371	0.00007
WONB9_3	-0.7662445054139753	0.9230912984040824	0	-0.0047354945860247355	0.003366701595917565	0.00007
WONB9_B4	-0.631709005317595	0.964475955365304	0	-0.004645994682405008	0.0024750446346960553	0.00007
WONB9_B15	-0.7374715624160794	0.9641715098463839	-4.440892098500626e-16	-0.005048437583920595	0.0032464901536161106	0.00007000000000044408