23	-0.5031065351286115	0.7659026653481738	0	-0.0015934648713885613	-0.0011526653481737092	0.00042
WONB2	0.806592577450078	-0.1674038642196844	0	0.0038414225499220356	-0.0009121357803155983	0.00007
WONB4	-1.3846375693884962	0.6409081478841214	0	-0.017237430611503735	0.007096852115878627	0.00007
WONB8	0.8577197563623906	-1.0323645520339997	0	0.009425243637609437	-0.01108244796600033	0.00007
WONB9	0.31995811068458185	0.508086110833963	0	0.0010798893154181366	0.00047988916603691756	0.00007
WONB12	1.462957820343678	0.5686152829342592	0	0.019275179656321972	0.007019717065740783	0.00007
WONB13	0.30127480678873536	-0.6993336634755781	0	0.0017891932112646391	-0.002485336524421844	0.00007
WONB20	-0.9384386537446379	-0.4506321066364458	0	-0.007325346255362186	-0.0023638933635541926	0.00007
WONB22	-1.3040647603626094	1.2424596083590436	-4.440892098500626e-16	-0.020973239637390506	0.015953391640956438	0.00007000000000044408
WONB23	1.5488062531663271	-0.6403747541225795	0	0.02284574683367291	-0.009312245877420522	0.00007
WONB24	-1.6286398066108418	-1.1406561946813678	4.440892098500626e-16	-0.026689193389158206	-0.016228805318632133	0.0000699999999995559
WONB25	-1.3173089644190021	0.048405690936582715	0	-0.01398503558099784	0.0008123090634172825	0.00007
WONB26	-1.6665090000341163	-0.12633535599671006	0	-0.023415999965883616	-0.0007256440032899492	0.00007
WONB27	-0.7070224393655945	0.4376602589954022	0	-0.0036185606344054655	0.0017527410045978242	0.00007
WONB29	-1.6358506322388475	0.87912353268657	0	-0.025209367761152457	0.011939467313430097	0.00007
WONB30	-1.4607136924036557	-0.37859260862969846	0	-0.01888230759634424	-0.0034393913703015255	0.00007
WONB31	1.0089442903813182	1.131028817547116	0	0.01224970961868177	0.014154182452884134	0.00007
WONB32	-0.24656006709301437	-0.9487807303441245	-4.440892098500626e-16	-0.001057932906985637	-0.005225269655875553	0.00007000000000044408
WONB33	-0.13425447988072403	0.10437524927338972	4.440892098500626e-16	0.0005414798807240329	0.00019175072661027637	0.0000699999999995559
WONB37	-0.7161798011782311	-1.0727691825439198	0	-0.007312198821768923	-0.010081817456080167	0.00007
WONB38	-0.9042193301515524	1.1851543968596432	0	-0.012919669848447612	0.012792603140356906	0.00007
WONB40	-1.6376908463689737	0.29179898870014953	0	-0.022538153631026292	0.004057011299850477	0.00007
WONB42	0.1892086675793644	1.1894608332439882	-4.440892098500626e-16	-0.000366667579364377	0.00972616675601179	0.00007000000000044408
WONB46	-1.2053707662161626	-0.695790672328334	0	-0.015063233783837449	-0.006519327671665964	0.00007
WONB47	-0.43804486842203466	1.103978568982249	0	-0.005267131577965323	0.008231431017750923	0.00007
WONB12_1	1.345325326914426	0.5735720103768189	0	0.016220673085573845	0.006837989623181051	0.00007
WONB12_2	1.4115443335101514	0.6306662804249665	-4.440892098500626e-16	0.018820666489848703	0.008407719575033501	0.00007000000000044408
WONB12_3	1.479518147914105	0.6873985900330666	0	0.02054485208589485	0.009489409966933371	0.00007
WONB12_5	1.515465601854742	0.5057237027949928	0	0.021507398145257817	0.006598297205007264	0.00007
WONB12_B1	1.394678305009974	0.5127310656594247	0	0.017770694990026037	0.006275934340575273	0.00007
WONB12_B5	1.4680547388517606	0.43204174628685366	0	0.019476261148239304	0.005190253713146353	0.00007
WONB12_B10	1.5993668549871596	0.48076982409760116	0	0.02306814501284049	0.007175175902398856	0.00007
WONB13_1	0.23469051931227827	-0.6397440077219417	0	0.0013874806877217372	-0.0018059922780582216	0.00007
WONB13_2	0.2891677349714141	-0.6305499354038071	0	0.0018292650285858802	-0.00175606459619293	0.00007
WONB13_3	0.3455702185733797	-0.6212598137816989	4.440892098500626e-16	0.001565781426620283	-0.0016721862183011194	0.0000699999999995559
WONB13_5	0.3148468557524973	-0.7685211965255583	0	0.0014731442475026668	-0.0029708034744416745	0.00007
WONB13_B1	0.24599608279169968	-0.7080641579430494	0	0.0015769172083003047	-0.002187842056950551	0.00007
WONB13_B5	0.2665483506582345	-0.7979150094716929	0	0.001761649341765481	-0.0034899905283071186	0.00007
WONB13_B11	0.3678436761908349	-0.805194084319025	0	0.0022473238091650916	-0.0035709156809750064	0.00007
WONB20_1	-0.8842846025870056	-0.42770298452820443	0	-0.006353397412994455	-0.001925015471795577	0.00007
WONB20_2	-0.9017468425997718	-0.4801806060146969	0	-0.007015157400228178	-0.0025863939853030815	0.00007
WONB20_3	-0.9195578643190887	-0.5325415912551884	0	-0.007839135680911324	-0.0033414087448115914	0.00007
WONB20_5	-0.9720233331101023	-0.4212560667252675	0	-0.008319666889897714	-0.002208933274732483	0.00007
WONB20_B1	-0.9213319150846713	-0.3982514388112648	0	-0.006980084915328755	-0.0019575611887351907	0.00007
WONB20_B6	-0.9792387018922362	-0.3626497913218901	-4.440892098500626e-16	-0.007951298107763849	-0.0018502086781098659	0.00007000000000044408
WONB20_B11	-1.005288446429451	-0.44358750095434907	0	-0.009115553570549162	-0.0026664990456509163	0.00007
WONB22_1	-1.3425703316586026	1.2125685140241884	0	-0.020915668341397353	0.015446485975811663	0.00007
WONB22_2	-1.3283883998211037	1.2588586948704301	-4.440892098500626e-16	-0.021102600178896314	0.016421305129569852	0.00007000000000044408
WONB22_5	-1.2783282653819972	1.2253579661527811	0	-0.020176734618002845	0.015666033847218763	0.00007
WONB22_B1	-1.3196126519981213	1.1963093474063455	0	-0.0207733480018788	0.01518765259365451	0.00007
WONB22_B6	-1.2750108484068814	1.178414513870738	-4.440892098500626e-16	-0.019939151593118654	0.014823486129261987	0.00007000000000044408
WONB22_B13	-1.263340302985143	1.272405464981835	0	-0.020009697014856886	0.016096535018164992	0.00007
WONB23_1	1.4568191229237337	-0.5576128360723467	0	0.020042877076266175	-0.008082163927653263	0.00007
WONB23_2	1.5398758542400264	-0.5557265020363223	0	0.022119145759973646	-0.007499497963677659	0.00007
WONB23_3	1.6267575582736171	-0.5541528913997871	0	0.023802441726382906	-0.008187108600212878	0.00007
WONB23_5	1.559127484076889	-0.7252085885463354	0	0.023669515923111062	-0.011040411453664634	0.00007
WONB23_B1	1.4645372333991877	-0.6418258292568689	4.440892098500626e-16	0.02029976660081223	-0.008946170743131088	0.0000699999999995559
WONB23_B6	1.499497756454935	-0.776934958221438	4.440892098500626e-16	0.022325243545064932	-0.011941041778562034	0.0000699999999995559
WONB23_B14	1.6379110294563364	-0.6976370544843336	-4.440892098500626e-16	0.025098970543663723	-0.010720945515666491	0.00007000000000044408
WONB24_1	-1.6606712248497855	-1.1402415319287502	0	-0.02695777515021458	-0.01569846807124975	0.00007
WONB24_2	-1.646845822737992	-1.1085166246219513	0	-0.027310177262007906	-0.015026375378048629	0.00007
WONB24_3	-1.6321371333513635	-1.0769307237158576	-4.440892098500626e-16	-0.027292866648636505	-0.015152276284142285	0.00007000000000044408
WONB25_1	-1.3547386228338185	0.06144411362018079	0	-0.015039377166181422	0.0009468863798192118	0.00007
WONB25_2	-1.3317193269640013	0.08838054643965607	0	-0.014567673035998707	0.0012624535603439346	0.00007
WONB25_3	-1.3078522424657126	0.11582050018811363	0	-0.013851757534287357	0.0013724998118863768	0.00007
WONB25_5	-1.300768304012235	0.007918057161027812	0	-0.013547695987764952	0.0005039428389721889	0.00007
WONB25_B1	-1.3409646505814226	0.02144834202176419	0	-0.014679349418577514	0.0007106579782358118	0.00007
WONB25_B7	-1.2991046772508177	-0.04062646700598565	0	-0.013669322749182422	0.00006346700598564708	0.00007
WONB25_B10	-1.2733628498783682	-0.01200331440076723	0	-0.012977150121631809	0.0004723144007672299	0.00007
WONB26_1	-1.6949003119422243	-0.15245506901011144	4.440892098500626e-16	-0.024795688057775545	-0.001097930989888557	0.0000699999999995559
WONB26_2	-1.688185192365474	-0.11097365579179125	0	-0.024114807634525892	-0.0005603442082087462	0.00007
WONB26_3	-1.6801385931111288	-0.06974970747178091	-4.440892098500626e-16	-0.023833406888871256	0.00006170747178091407	0.00007000000000044408
WONB26_5	-1.6420193046545506	-0.14150926964067428	0	-0.023417695345449463	-0.0007327303593257228	0.00007
WONB26_B1	-1.674301809520951	-0.1676150735538478	-4.440892098500626e-16	-0.023830190479048996	-0.0014549264461521938	0.00007000000000044408
WONB26_B7	-1.6255604731180546	-0.17717450986443184	0	-0.022737526881945413	-0.002180490135568147	0.00007
WONB26_B11	-1.6207118356660375	-0.11844029581968513	4.440892098500626e-16	-0.022394164333962463	-0.000410704180314872	0.0000699999999995559
WONB27_1	-0.756356541991043	0.3801252566282386	0	-0.004088458008957074	0.0018477433717614122	0.00007
WONB27_2	-0.7492031005250145	0.44251186108472484	0	-0.004149899474985563	0.0020941389152751566	0.00007
WONB27_3	-0.7429546172997291	0.5050473074723643	0	-0.0043433827002709036	0.0022696925276357582	0.00007
WONB27_5	-0.6638705884813606	0.43261453242985703	0	-0.003236411518639404	0.0015264675701429642	0.00007
WONB27_B1	-0.7137654325685275	0.3747447086906811	0	-0.003501567431472452	0.0015952913093189025	0.00007
WONB27_B7	-0.6298370221027914	0.3940598624927042	0	-0.0027279778972086888	0.0012991375072958222	0.00007
WONB27_B12	-0.6442032811199874	0.49146569160380815	0	-0.003270718880012624	0.0018793083961918255	0.00007
WONB29_1	-1.667153555879351	0.8555991863881887	0	-0.02614344412064895	0.011934813611811368	0.00007
WONB29_2	-1.6545818731296253	0.8966310210255851	0	-0.0259701268703747	0.012492978974414926	0.00007
WONB29_3	-1.6418234214914924	0.9378721734665424	0	-0.026285578508507657	0.012947826533457607	0.00007
WONB29_5	-1.615400207695072	0.8604430599233875	0	-0.025019792304928012	0.012114940076612402	0.00007
WONB29_B1	-1.649328659750045	0.8383424683088047	0	-0.025344340249955133	0.01146653169119538	0.00007
WONB29_B7	-1.6050675690260483	0.8228591899851313	0	-0.02397943097395161	0.011252810014868664	0.00007
WONB29_B14	-1.6093729381368351	0.9055400445139012	0	-0.025087061863164895	0.012499955486098724	0.00007
WONB2_1	0.726715763969536	-0.22185086167425422	4.440892098500626e-16	0.0033062360304639826	-0.0008001383257457695	0.0000699999999995559
WONB2_2	0.7396975169582067	-0.14944661610962065	0	0.003255483041793239	-0.0007733838903793422	0.00007
WONB2_3	0.7525663935596923	-0.07666632866685372	0	0.0030636064403076757	-0.0006906713331462783	0.00007
WONB2_5	0.8758654730730275	-0.1851593150796335	4.440892098500626e-16	0.004935526926972411	-0.0011476849203664874	0.0000699999999995559
WONB2_B1	0.7928583676780604	-0.24047840548358035	-4.440892098500626e-16	0.0041106323219396446	-0.0010765945164196433	0.00007000000000044408
WONB2_B4	0.8619362288836803	-0.2592810462261808	0	0.004885771116319715	-0.0013749537738191875	0.00007
WONB2_B8	0.9416739075029382	-0.2206108238621322	0	0.005761092497061804	-0.0012041761378678018	0.00007
WONB30_1	-1.4849750343411177	-0.32809692917061917	0	-0.019481965658882272	-0.0029280708293808466	0.00007
WONB30_2	-1.4586202549262368	-0.3318966155697315	0	-0.018850745073763164	-0.0031603844302685036	0.00007
WONB30_3	-1.4313415978562392	-0.33602490630378945	4.440892098500626e-16	-0.017964402143760827	-0.003828093696210566	0.0000699999999995559
WONB30_5	-1.4604307758340103	-0.42496713907776995	-4.440892098500626e-16	-0.01918922416598967	-0.0044848609222300495	0.00007000000000044408
WONB30_B1	-1.4866453174234577	-0.3743366065656607	0	-0.01995268257654237	-0.0034573934343393176	0.00007
WONB30_B7	-1.4741232892168812	-0.4617769015825194	4.440892098500626e-16	-0.01964671078311886	-0.004512098417480626	0.0000699999999995559
WONB30_B15	-1.4355284569512838	-0.39791742923702056	0	-0.01910954304871626	-0.004055570762979466	0.00007
WONB31_1	0.9197660055390904	1.0618191520508866	-4.440892098500626e-16	0.009009994460909665	0.011839847949113302	0.00007000000000044408
WONB31_2	0.9410440536715036	1.1393972245590707	4.440892098500626e-16	0.00947894632849644	0.013373775440929325	0.0000699999999995559
WONB31_3	0.9616574527252165	1.2160812114084474	0	0.011753547274783505	0.01617778859155261	0.00007
WONB31_5	1.0804189122060666	1.1231925273613435	0	0.012996087793933464	0.01451547263865649	0.00007
WONB31_B1	0.9883181580543289	1.0532801992940253	0	0.010374841945671176	0.012218800705974697	0.00007
WONB31_B8	1.1458823691977968	1.0966299940434359	0	0.014492630802203088	0.014747005956564196	0.00007
WONB31_B11	1.142353099091666	1.1801531563535954	0	0.014462900908334131	0.01659684364640457	0.00007
WONB32_1	-0.3119411729595712	-0.9469305663170833	-4.440892098500626e-16	-0.0016558270404288256	-0.0052424336829167695	0.00007000000000044408
WONB32_2	-0.28289144445150394	-0.9040721167536967	0	-0.001300555548496063	-0.004555883246303294	0.00007
WONB32_3	-0.254774843705264	-0.8606198021257498	0	-0.0010341562947360217	-0.004117197874250134	0.00007
WONB32_5	-0.20926606120169722	-0.9943152274546019	0	-0.0010499387983027852	-0.005856772545398181	0.00007
WONB32_B1	-0.2760961615311979	-0.9918405580467343	0	-0.0015578384688020863	-0.006012441953265668	0.00007
WONB32_B8	-0.17967667487020553	-1.049017947095496	0	-0.0010393251297944606	-0.007049052904504194	0.00007
WONB32_B12	-0.1701509696688767	-0.9686834787418019	0	-0.0007880303311233183	-0.005496521258198106	0.00007
WONB33_1	-0.19459444031114273	0.13677609679709943	0	0.0002904403111427256	0.00014590320290056025	0.00007
WONB33_2	-0.15110491943794951	0.16241714679433583	0	0.00046391943794951707	0.00005485320566417373	0.00007
WONB33_3	-0.10607494619025107	0.18801450813044887	0	0.00035294619025107166	0.00008249186955111565	0.00007
WONB33_5	-0.11481472644373525	0.04617098336170665	0	0.0005347264437352423	0.000021016638293347434	0.00007
WONB33_B1	-0.17859236656360336	0.07956395207295258	0	0.00040436656360334777	0.0001250479270474142	0.00007
WONB33_B8	-0.10437057780725395	-0.016865635927662638	0	0.0007625778072539446	0.00003963592766263735	0.00007
WONB33_B13	-0.06985313810032776	0.0708656701951934	0	0.0008601381003277564	-0.000008670195193391517	0.00007
WONB37_1	-0.6639966612113589	-1.0395725632140114	0	-0.005253338788641093	-0.009284436785988559	0.00007
WONB37_2	-0.6728766436214287	-1.0925161403412704	-4.440892098500626e-16	-0.007016356378571231	-0.01031485965872947	0.00007000000000044408
WONB37_3	-0.6817080677029643	-1.1455421077431158	0	-0.0077149322970356815	-0.011392892256884224	0.00007
WONB37_5	-0.7538450378306466	-1.0516546089338106	0	-0.008057962169353394	-0.00999339106618935	0.00007
WONB37_B1	-0.7073498761144758	-1.019893470836144	4.440892098500626e-16	-0.0071531238855242485	-0.00934052916385597	0.0000699999999995559
WONB37_B9	-0.7888004586915222	-1.042539553408062	0	-0.008888541308477826	-0.010062446591938112	0.00007
WONB37_B13	-0.7625606827790082	-1.1040583182093624	0	-0.008729317220991795	-0.011024681790637647	0.00007
WONB38_1	-0.9286282083473029	1.2417742090050512	0	-0.013922791652697164	0.013793790994948818	0.00007
WONB38_2	-0.8941759237973248	1.239299633256547	0	-0.012806076202675154	0.013752366743453148	0.00007
WONB38_3	-0.8587465260340513	1.2368191974132723	0	-0.013572473965948628	0.008181802586727738	0.00007
WONB38_5	-0.9120627017149532	1.1308522739332691	0	-0.01231529828504685	0.011981726066730758	0.00007
WONB38_B1	-0.9385028058274705	1.1882396819792234	0	-0.013603194172529531	0.013103318020776689	0.00007
WONB38_B9	-0.9113529835504032	1.0769728714875182	-4.440892098500626e-16	-0.011837016449596782	0.010885128512481801	0.00007000000000044408
WONB38_B14	-0.8770352792050413	1.1457035305964394	0	-0.011850720794958636	0.012156469403560521	0.00007
WONB40_1	-1.6659857239848728	0.25561960548059603	0	-0.02293327601512729	0.003462394519403944	0.00007
WONB40_2	-1.6606302142520932	0.29952348753173896	-4.440892098500626e-16	-0.022885785747906784	0.0038825124682610457	0.00007000000000044408
WONB40_3	-1.657036267812781	0.3431765154857074	-4.440892098500626e-16	-0.02293873218721898	0.0045074845142926145	0.00007000000000044408
WONB40_5	-1.6140497843010384	0.28453386631427846	0	-0.02186121569896149	0.003858133685721521	0.00007
WONB40_B1	-1.6433267596821841	0.2479091967894632	4.440892098500626e-16	-0.022433240317815795	0.0034788032105368127	0.0000699999999995559
WONB40_B10	-1.590600953860819	0.3018707439525986	0	-0.02101404613918101	0.004020256047401416	0.00007
WONB40_B13	-1.6096019230387364	0.32872944614574384	0	-0.02302907696126355	0.004407553854256174	0.00007
WONB42_1	0.1132380223263506	1.1628560518367763	0	-0.001055022326350602	0.008454948163223674	0.00007
WONB42_2	0.1494722329835131	1.2216367753756774	0	-0.0009062329835130833	0.01003822462432269	0.00007
WONB42_3	0.18578087138019453	1.2813180201024363	4.440892098500626e-16	-0.0006038713801945206	0.011804979897563683	0.0000699999999995559
WONB42_5	0.23132832913129495	1.1564805108973326	0	0.0004066708687050502	0.008893489102667296	0.00007
WONB42_B1	0.15201030061917245	1.1307215647890962	0	-0.0001913006191724409	0.00809143521090383	0.00007
WONB42_B10	0.28903355061981556	1.1597273681155522	4.440892098500626e-16	0.0005874493801844571	0.009419631884447721	0.0000699999999995559
WONB42_B15	0.23760317336377182	1.235569450497274	4.440892098500626e-16	0.000500826636228191	0.011025549502725829	0.0000699999999995559
WONB46_1	-1.2363311639220524	-0.6461392774668571	0	-0.015371836077947565	-0.005894722533142938	0.00007
WONB46_2	-1.2073161607153446	-0.6454606298207778	0	-0.01473783928465533	-0.0060173701792222145	0.00007
WONB46_3	-1.1776768831227913	-0.6444698844376224	0	-0.01365611687720869	-0.0055361155623775415	0.00007
WONB46_5	-1.2010199333069977	-0.7461759476393282	-4.440892098500626e-16	-0.015744066693002212	-0.007152052360671846	0.00007000000000044408
WONB46_B2	-1.232092857447089	-0.712525958631535	0	-0.01590314255291103	-0.006424041368464972	0.00007
WONB46_B5	-1.2272045074383289	-0.762413987294492	-4.440892098500626e-16	-0.01646449256167104	-0.007661012705508008	0.00007000000000044408
WONB46_B8	-1.2036958313965351	-0.795257654427354	-4.440892098500626e-16	-0.01601416860346494	-0.008195345572646007	0.00007000000000044408
WONB47_1	-0.4952364696035169	1.0674661226213185	0	-0.005557530396483046	0.007743877378681541	0.00007
WONB47_2	-0.47388897519235057	1.1237333703138346	0	-0.0059300248076494255	0.008944629686165495	0.00007
WONB47_3	-0.4535020313748151	1.1806083648288146	0	-0.006193968625184898	0.010061635171185301	0.00007
WONB47_5	-0.40004732268987925	1.0832915465311104	0	-0.004697677310120774	0.007490453468889546	0.00007
WONB47_B2	-0.4466521250763253	1.0437702904835104	0	-0.0044648749236747	0.007072709516489528	0.00007
WONB47_B5	-0.40835555701177667	1.022460654629973	0	-0.00429844298822335	0.0064983453700269145	0.00007
WONB47_B9	-0.35752984512278774	1.0759807585002916	4.440892098500626e-16	-0.0039671548772122756	0.007307241499708406	0.0000699999999995559
WONB4_1	-1.4225912943641859	0.633040105174096	4.440892098500626e-16	-0.018617705635814108	0.007002894825903994	0.0000699999999995559
WONB4_2	-1.4028651358016677	0.6702787479121817	0	-0.01852886419833233	0.007440252087818289	0.00007
WONB4_3	-1.382963912987703	0.7079229947833395	0	-0.017936087012297097	0.00771800521666044	0.00007
WONB4_5	-1.3652101755966517	0.610984143290884	-4.440892098500626e-16	-0.01705482440334838	0.006308856709115962	0.00007000000000044408
WONB4_B1	-1.404892537761337	0.6037263545856435	0	-0.017885462238663052	0.006620645414356474	0.00007
WONB4_B4	-1.3857506830253117	0.5737250401516961	0	-0.017336316974688293	0.006013959848303885	0.00007
WONB4_B10	-1.3370750676620373	0.6055015813228242	0	-0.01616893233796257	0.006424418677175803	0.00007
WONB8_1	0.7744049446966129	-0.9650084392979189	0	0.00733005530338704	-0.00864656070208114	0.00007
WONB8_2	0.8414725679184837	-0.9552925147682243	0	0.008562432081516302	-0.00993948523177568	0.00007
WONB8_3	0.9107840115993814	-0.9456790006057911	0	0.009427988400618648	-0.01008199939420884	0.00007
WONB8_5	0.8754690109111491	-1.1088284697829551	0	0.009971989088850886	-0.01289253021704484	0.00007
WONB8_B1	0.7890539944204351	-1.0411248268258146	0	0.008366005579564906	-0.011247173174185443	0.00007
WONB8_B4	0.8053901608152653	-1.1174205871698515	0	0.009143839184734714	-0.012822412830148622	0.00007
WONB8_B14	0.9368579626676935	-1.075892244449834	0	0.010531037332306536	-0.011938755550165991	0.00007
WONB9_1	0.24040700321446648	0.5176678462378753	0	0.0009399967855335256	0.0005031537621247306	0.00007
WONB9_2	0.28676150580621135	0.5618053450005003	4.440892098500626e-16	0.0007564941937886482	0.000814654999499731	0.0000699999999995559
WONB9_3	0.3334120251192518	0.607010979797994	0	0.0012389748807482004	0.0009030202020059441	0.00007
WONB9_5	0.3541932133309808	0.45333137775925814	4.440892098500626e-16	0.0011427866690191801	0.00048362224074188775	0.0000699999999995559
WONB9_B1	0.27272704216990934	0.464025617525341	0	0.0009769578300906634	0.0005243824746590242	0.00007
WONB9_B4	0.3063357692939836	0.4098684194641098	0	0.0010772307060163966	0.0002935805358902366	0.00007
WONB9_B15	0.37572858754587257	0.5325773939009288	-4.440892098500626e-16	0.0011994124541274132	0.0008356060990711844	0.00007000000000044408