2	2.1933447960753276	-0.21750222200257144	0	-0.000944796075327492	-0.00579777799742856	0.00042
WONB3	-1.0192066239888107	-0.7809944927881222	0	-0.004243376011189293	-0.004068507211877792	0.00007
WONB5	-2.030057674117675	-0.7361030880604112	0	0.00030767411767484987	-0.007842911939588748	0.00007
WONB9	-0.9495305197479958	0.9781439046171078	0	-0.004857480252004165	0.004844095382892211	0.00007
WONB13	-0.07983818757179899	1.1261706503171842	4.440892098500626e-16	-0.0001608124282010126	0.0005893496828157652	0.0000699999999995559
WONB15	1.4458285066745764	1.2389731459085902	4.440892098500626e-16	0.007660493325423623	0.008058854091409717	0.0000699999999995559
WONB20	-0.49553084859818014	-0.17983894892621033	-4.440892098500626e-16	-0.00028515140181983867	-0.0006460510737896774	0.00007000000000044408
WONB21	-2.307897148585356	-0.4086283066953524	4.440892098500626e-16	0.0001461485853559985	-0.0049206933046476165	0.0000699999999995559
WONB22	-1.8897364366855904	-1.2770475489620152	0	0.0014104366855904882	-0.00624245103798482	0.00007
WONB27	-1.2247511716680308	0.13281094441261398	0	-0.001420828331969215	0.0009220555873860059	0.00007
WONB28	-1.7736312764683584	1.2648294445851156	-4.440892098500626e-16	-0.001787723531641694	0.006695555414884424	0.00007000000000044408
WONB32	0.19660477021918446	0.5077651976176293	4.440892098500626e-16	0.0011132297808155445	0.00020580238237066784	0.0000699999999995559
WONB33	-0.7175484582893826	0.5366546858020447	0	-0.0015005417106174201	0.0018723141979553048	0.00007
WONB34	-1.8731179183387856	-0.056581260146519784	0	-0.0007980816612143116	-0.00034873985348021774	0.00007
WONB35	1.5033359188067885	0.21217860872775676	0	0.0015630811932114685	0.0020423912722432325	0.00007
WONB37	0.41436796283601096	-0.22438425014576338	-4.440892098500626e-16	0.0006030371639890175	0.00016025014576337426	0.00007000000000044408
WONB38	-1.6814970011007653	-0.5782596827810088	0	-0.0020429988992347603	-0.0063353172189911655	0.00007
WONB41	-2.1299644651979337	0.7268386958311255	0	0.0010574651979338157	0.006776304168874536	0.00007
WONB42	-1.3805712701543464	0.7624075461067252	0	-0.004110729845653527	0.006906453893274822	0.00007
WONB43	0.8075637529435312	0.41394139840199456	0	0.00042424705646881833	0.0010486015980054608	0.00007
WONB45	1.4041015323389527	-0.9154092690190074	4.440892098500626e-16	0.005140467661047365	-0.008324730980992623	0.0000699999999995559
WONB46	0.05168687024248753	-1.2966303848666894	0	0.0010021297575124669	0.000751384866689353	0.00007
WONB48	-1.8226778437797821	0.4941509476745904	-4.440892098500626e-16	-0.001435156220217948	0.006311052325409572	0.00007000000000044408
WONB49	-2.231273348979701	0.17616267831738247	0	-0.000739651020298826	0.0025563216826175184	0.00007
WONB13_1	-0.1223567812096456	1.0431907838953496	0	-0.00006721879035440081	0.00020921610465052254	0.00007
WONB13_2	-0.13280002435069674	1.0996752106089343	-4.440892098500626e-16	-0.00020597564930327494	0.00065378939106564	0.00007000000000044408
WONB13_3	-0.14273463100849382	1.1559849065354886	0	-0.000636368991506181	0.0005510934645114318	0.00007
WONB13_5	-0.025026190806924253	1.1526710581746047	0	0.00007919080692425293	0.0001589418253953312	0.00007
WONB13_B1	-0.06936865144803848	1.0695771630419988	0	0.000055651448038485096	0.0003768369580012809	0.00007
WONB13_B5	0.0031350091864903885	1.1067232063638248	0	0.0005859908135096114	0.0005367936361750925	0.00007
WONB13_B11	0.0008826201803639314	1.2132276314254806	0	0.00046037981963606856	0.00039836857451946983	0.00007
WONB15_1	1.5517706723409326	1.206526993382058	-4.440892098500626e-16	0.0058233276590673455	0.008491006617941999	0.00007000000000044408
WONB15_2	1.470959901710327	1.1710927054120737	-4.440892098500626e-16	0.006930098289672948	0.007964294587926357	0.00007000000000044408
WONB15_B13	1.3438544590003338	1.2679621468313125	4.440892098500626e-16	0.007628540999666145	0.007844853168687438	0.0000699999999995559
WONB20_1	-0.5158275108896213	-0.0873293082467128	-4.440892098500626e-16	-0.0003714891103786533	-0.0006686917532872094	0.00007000000000044408
WONB20_2	-0.4650112550332911	-0.1154922073072291	-4.440892098500626e-16	-0.00040674496670889404	-0.00047179269277089486	0.00007000000000044408
WONB20_3	-0.41371222399537594	-0.14365484889278635	0	-0.0003647760046240345	-0.00044415110721365836	0.00007
WONB20_5	-0.5236206172192771	-0.24499574530427515	-4.440892098500626e-16	-0.0006013827807228589	-0.0007272546957248494	0.00007000000000044408
WONB20_B1	-0.546175420864388	-0.15145708906915265	-4.440892098500626e-16	-0.0005275791356120774	-0.0007999109308473584	0.00007000000000044408
WONB20_B6	-0.5802530948117223	-0.2622195482597871	-4.440892098500626e-16	-0.0005699051882777084	-0.0008484517402129188	0.00007000000000044408
WONB20_B11	-0.50089680729684	-0.3086996165691967	0	-0.0006621927031599251	-0.0007473834308033278	0.00007
WONB21_3	-2.3190460629490457	-0.3481823280650001	0	-0.00028693705095417243	-0.004183671934999911	0.00007
WONB21_B1	-2.3239189435582372	-0.4546674996902245	0	0.0002869435582373292	-0.005217500309775469	0.00007
WONB21_B6	-2.2745629816859174	-0.4687825234485497	-4.440892098500626e-16	0.0008369816859175039	-0.0054334765514503225	0.00007000000000044408
WONB21_B12	-2.256687154744233	-0.38407562072193285	0	0.0004031547442329142	-0.004654379278067167	0.00007
WONB22_3	-1.9410603783106912	-1.2901160283153348	0	0.002327378310691186	-0.005762971684665219	0.00007
WONB22_5	-1.8645309102070207	-1.2295981959208562	0	0.0009679102070205836	-0.006296804079143792	0.00007
WONB22_B6	-1.8275491467254648	-1.2267573105422773	-4.440892098500626e-16	0.0003871467254648042	-0.0066086894577226385	0.00007000000000044408
WONB27_1	-1.1918938297856292	0.06659702644591765	0	-0.0013701702143709138	0.0001889735540823445	0.00007
WONB27_2	-1.2371717167693566	0.07144663878397432	0	-0.0015352832306434472	0.00013336121602568196	0.00007
WONB27_3	-1.2826130927294137	0.07643877806043661	0	-0.0015149072705862299	0.0005902219395633873	0.00007
WONB27_5	-1.2122030567260544	0.19409969577470593	4.440892098500626e-16	-0.0016609432739456143	0.0012203042252940666	0.0000699999999995559
WONB27_B1	-1.1790530902915761	0.12840768732800362	-4.440892098500626e-16	-0.0013049097084238959	0.0006473126719963862	0.00007000000000044408
WONB27_B7	-1.1766636406268274	0.24360386274037582	0	-0.0016043593731727146	0.001516137259624184	0.00007
WONB27_B12	-1.2518700775077707	0.2179158329546172	0	-0.001610922492229383	0.0017471670453828025	0.00007
WONB28_1	-1.8001113878927923	1.2011629190646609	4.440892098500626e-16	-0.0018526121072075519	0.006927080935339225	0.0000699999999995559
WONB28_2	-1.804544566248457	1.2425702383814334	0	-0.0015004337515429622	0.0060607616185666124	0.00007
WONB28_3	-1.8087934731388766	1.283490328334151	4.440892098500626e-16	-0.0014835268611232966	0.005322671665848988	0.0000699999999995559
WONB28_5	-1.7408848654813318	1.2870033319723388	-4.440892098500626e-16	-0.0027311345186682434	0.0066456680276612	0.00007000000000044408
WONB28_B1	-1.7693717750516842	1.2236519149453682	0	-0.002092224948315735	0.007474085054631763	0.00007
WONB28_B7	-1.7090113479563607	1.2828482650137	0	-0.0026786520436392625	0.0072867349862999475	0.00007
WONB32_1	0.20354118609115548	0.41674302071509023	4.440892098500626e-16	0.00092081390884452	0.0001289792849097915	0.0000699999999995559
WONB32_2	0.1574395053565188	0.4514990222159941	0	0.0011174946434812094	0.00020297778400590882	0.00007
WONB32_3	0.11066732253444549	0.48634322382106304	0	0.0012706774655545094	0.00007177617893694421	0.00007
WONB32_5	0.23631901014407153	0.5646283399606365	0	0.0012759898559284721	0.000022660039363464612	0.00007
WONB32_B1	0.24310860557979228	0.47360001633158366	0	0.001187394420207738	0.00008998366841633798	0.00007
WONB32_B8	0.28561340920777273	0.6126514365968189	-4.440892098500626e-16	0.0014865907922272936	0.000027563403181107837	0.00007000000000044408
WONB32_B12	0.20398526870887743	0.6158241635017989	0	0.0013937312911225797	-0.0002001635017989667	0.00007
WONB33_1	-0.7460919649938969	0.4566052552930778	0	-0.0012200350061031262	0.0019187447069221597	0.00007
WONB33_2	-0.7614757060895686	0.5076036440250401	4.440892098500626e-16	-0.0015852939104313846	0.0020753559749598915	0.0000699999999995559
WONB33_3	-0.7757849614834075	0.5581410766861395	0	-0.001887038516592554	0.002355923313860475	0.00007
WONB33_5	-0.6710127611844202	0.5647482604808203	0	-0.0014632388155797482	0.0018317395191796981	0.00007
WONB33_B1	-0.7024963453093931	0.48529801018531754	0	-0.0012636546906069634	0.001559989814682472	0.00007
WONB33_B8	-0.6199671816127933	0.5803455719178146	0	-0.0012948183872066865	0.0013484280821854933	0.00007
WONB33_B13	-0.686493057923777	0.6158616050516015	0	-0.0016969420762229515	0.0021293949483984775	0.00007
WONB34_1	-1.8702919713315778	-0.1259312683566022	0	-0.0009910286684222669	-0.0016387316433977839	0.00007
WONB34_2	-1.8955331073205268	-0.09957426165295358	4.440892098500626e-16	-0.0012218926794731466	-0.0011697383470464229	0.0000699999999995559
WONB34_3	-1.9197726972024691	-0.07352930799335955	0	-0.0009783027975309722	-0.0009466920066404511	0.00007
WONB34_5	-1.8488248942861114	-0.01356162845402424	0	-0.0012241057138886458	0.00021662845402424004	0.00007
WONB34_B1	-1.8478439719133835	-0.08278235198255553	0	-0.0011690280866165637	-0.0006816480174444695	0.00007
WONB34_B8	-1.819385431033531	0.022699607896331492	0	-0.0009345689664690404	0.0007413921036685082	0.00007
WONB34_B14	-1.8808030810611216	-0.003375862646701495	0	-0.0009049189388783407	0.0002778626467014951	0.00007
WONB35_1	1.4934634447341126	0.09906257188001989	4.440892098500626e-16	0.001223555265887466	0.00043042811998010577	0.0000699999999995559
WONB35_2	1.437323557696092	0.15733998502488647	0	0.0010234423039079399	0.0015170149751135287	0.00007
WONB35_3	1.3819566376301917	0.21544352520807075	-4.440892098500626e-16	0.001072362369808344	0.001609474791929244	0.00007000000000044408
WONB35_5	1.5702906117768807	0.26640537448538776	0	0.0017043882231193574	0.0026826255146122358	0.00007
WONB35_B1	1.5603548052812883	0.15315199903630827	0	0.0016991947187117162	0.0015810009636917366	0.00007
WONB35_B8	1.6506166317188358	0.3066247350413455	0	0.002341368281164158	0.0032722649586544583	0.00007
WONB35_B15	1.471857698505919	0.2847060998095931	0	0.001963301494080971	0.002752900190406915	0.00007
WONB37_1	0.36975094598071606	-0.14156759346301945	0	0.00031605401928391785	0.00011559346301945328	0.00007
WONB37_2	0.434553858125803	-0.1554391200769777	-4.440892098500626e-16	0.000594141874196985	-0.00011187992302230665	0.00007000000000044408
WONB37_3	0.5008953212299084	-0.16943334047239575	0	0.0006296787700915685	-0.00010565952760424602	0.00007
WONB37_5	0.39731203328224857	-0.2949967951232715	0	0.0004379667177514257	-0.000023204876728522006	0.00007
WONB37_B1	0.3494860299626878	-0.2100918402370796	4.440892098500626e-16	0.0006069700373121933	0.00017584023707961638	0.0000699999999995559
WONB37_B9	0.397815361855917	-0.3681056202198286	0	0.000474638144082995	-0.00015537978017138299	0.00007
WONB37_B13	0.4634610126683303	-0.31025175552845285	0	0.000282987331669704	0.000008755528452863981	0.00007
WONB38_1	-1.7297275237885368	-0.6185545766926265	0	-0.0018324762114632076	-0.006720423307373546	0.00007
WONB38_2	-1.7148445113648823	-0.5653107747774909	0	-0.001585488635117649	-0.005814225222509073	0.00007
WONB38_3	-1.6996583423076355	-0.5121647455407957	0	-0.0015596576923644356	-0.005547254459204232	0.00007
WONB38_5	-1.6455267293482103	-0.5914123292284847	0	-0.002249270651789592	-0.0063916707715152565	0.00007
WONB38_B1	-1.6965565191396457	-0.6319289365537335	0	-0.0018454808603542983	-0.006824063446266515	0.00007
WONB38_B9	-1.6058474215910685	-0.5922409598554116	0	-0.0030405784089315713	-0.006041040144588394	0.00007
WONB38_B14	-1.6436154178487437	-0.5363388941429809	0	-0.0025015821512563985	-0.005708105857019086	0.00007
WONB3_1	-1.0461474100428796	-0.7032505991586134	-4.440892098500626e-16	-0.0040735899571204826	-0.004151400841386543	0.00007000000000044408
WONB3_2	-1.0019820060417695	-0.720888762857191	0	-0.0038389939582306187	-0.0037732371428090827	0.00007
WONB3_3	-0.9557098456453201	-0.7386165083617273	0	-0.003922154354679908	-0.003591491638272659	0.00007
WONB3_5	-1.0364086030216508	-0.8414383247596247	0	-0.00456739697834907	-0.0046676752403753685	0.00007
WONB3_B1	-1.064192474452454	-0.7631012959564867	0	-0.004161525547546008	-0.004350704043513343	0.00007
WONB3_B4	-1.0817367033551721	-0.8228673576189367	0	-0.004359296644827815	-0.004947642381063266	0.00007
WONB3_B9	-1.0423004097537947	-0.9047567749055806	-4.440892098500626e-16	-0.004328590246205355	-0.0046202250944193946	0.00007000000000044408
WONB41_1	-2.172629812582866	0.6955766612332609	4.440892098500626e-16	0.0008438125828660326	0.006317338766739122	0.0000699999999995559
WONB41_2	-2.1554296655759564	0.7377830373739688	-4.440892098500626e-16	0.0005116655759564992	0.007478962626031205	0.00007000000000044408
WONB41_3	-2.1386083085869503	0.7812363220862317	0	0.0006663085869504926	0.007303677913768292	0.00007
WONB41_5	-2.103605281646503	0.7154004077300823	-4.440892098500626e-16	0.00031228164650309864	0.007746592269917696	0.00007000000000044408
WONB41_B1	-2.1470728485453128	0.683308037924917	0	0.000041848545312639374	0.007050962075082934	0.00007
WONB41_B10	-2.0720252238657775	0.7291037942273965	0	-0.0000627761342224531	0.008098205772603562	0.00007
WONB41_B14	-2.097233975370795	0.7607139976819178	0	0.00026197537079486466	0.007847002318082219	0.00007
WONB42_1	-1.381321138935423	0.6909605254798663	0	-0.0034758610645770904	0.0065834745201337475	0.00007
WONB42_2	-1.4063088778696453	0.7171547377421632	-4.440892098500626e-16	-0.003876122130354709	0.006693262257836841	0.00007000000000044408
WONB42_3	-1.4313238386715654	0.743031046010858	0	-0.003700161328434648	0.0070009539891420225	0.00007
WONB42_5	-1.3532402718148624	0.8073709089784642	0	-0.004191728185137578	0.007056091021535815	0.00007
WONB42_B1	-1.3557435429589173	0.7362040299119909	4.440892098500626e-16	-0.004069457041082636	0.007190970088009174	0.0000699999999995559
WONB42_B10	-1.342397021273186	0.8588102765378348	0	-0.0045779787268140915	0.007065723462165163	0.00007
WONB42_B15	-1.395835370277013	0.8013557062906922	0	-0.004202629722986906	0.00723229370930778	0.00007
WONB43_1	0.8793820523069322	0.3438939310051866	0	0.0005419476930678124	0.0010750689948134107	0.00007
WONB43_2	0.8055076820093774	0.3405743766546715	0	0.0003273179906225776	0.0006196233453285016	0.00007
WONB43_3	0.7324380690623088	0.33682905167182253	4.440892098500626e-16	0.0006589309376912045	0.0007519483281774875	0.0000699999999995559
WONB43_5	0.8107464171670038	0.48633859534637	-4.440892098500626e-16	0.000995582832996167	0.0013134046536300015	0.00007000000000044408
WONB43_B1	0.881284931228053	0.4181015565618733	0	0.0006490687719470367	0.0014754434381266668	0.00007
WONB43_B11	0.7561385293880509	0.5267081174079673	0	0.0009614706119490668	0.0013428825920327458	0.00007
WONB43_B14	0.7414556058721838	0.4579073793977238	0	0.0005273941278161054	0.0010596206022762122	0.00007
WONB45_1	1.2814658421298242	-0.9309936463753532	4.440892098500626e-16	0.00508915787017572	-0.006994353624646843	0.0000699999999995559
WONB45_2	1.3302553025416477	-0.8625077732064028	0	0.00435769745835235	-0.007680226793597145	0.00007
WONB45_3	1.3785371664097181	-0.7940156848520787	-4.440892098500626e-16	0.004106833590281855	-0.007412315147921289	0.00007000000000044408
WONB45_5	1.4797518255004967	-0.9691752458524088	0	0.004644174499503384	-0.008291754147591202	0.00007
WONB45_B1	1.3544611811242193	-0.9845426053195679	0	0.006039818875780645	-0.00790139468043205	0.00007
WONB45_B12	1.5522192066167093	-0.9208352719466792	0	0.004297793383290616	-0.009335728053320724	0.00007
WONB45_B15	1.475115452870005	-0.8675522751511985	0	0.004192547129995061	-0.008299724848801482	0.00007
WONB46_2	-0.01036813573161003	-1.2982842737007207	0	0.0001891357316100295	0.0009092737007208029	0.00007
WONB46_3	-0.0157781153835124	-1.2217895225484463	0	0.0003441153835124014	0.0007025225484462716	0.00007
WONB46_5	0.1172600619420718	-1.294755839118397	4.440892098500626e-16	0.001590938057928204	0.0006408391183971851	0.0000699999999995559
WONB47_1	-1.470289074303796	0.009143944527111815	0	-0.0017549256962039461	0.00025105547288818524	0.00007
WONB47_2	-1.5014139481302957	0.032780877334766145	0	-0.0019870518697042705	0.0008571226652338559	0.00007
WONB47_3	-1.5329977603690093	0.05590584924362031	0	-0.0020462396309908204	0.00141315075637969	0.00007
WONB47_5	-1.4550765450110257	0.12924973580377166	4.440892098500626e-16	-0.001453454988974423	0.0019492641962283452	0.0000699999999995559
WONB47_B2	-1.4420473766747601	0.07494206262909733	-4.440892098500626e-16	-0.0033766233252399136	-0.000037062629097334154	0.00007000000000044408
WONB47_B9	-1.4389623093662058	0.1814796592111493	0	-0.0017016906337941062	0.003176340788850679	0.00007
WONB48_1	-1.8083105817638891	0.4359904472992186	0	-0.0013984182361108655	0.005383552700781391	0.00007
WONB48_2	-1.8374424722698663	0.44646871369547453	0	-0.0013735277301336613	0.005796286304525444	0.00007
WONB48_3	-1.8666607238527604	0.45699530833975893	0	-0.0010772761472395143	0.005929691660241043	0.00007
WONB48_5	-1.8052520416939957	0.5410097599885805	0	-0.001573958306004375	0.006533240011419528	0.00007
WONB48_B2	-1.7889031824696506	0.4997903921575117	0	-0.0015278175303494734	0.0064366078424882844	0.00007
WONB48_B5	-1.7709756138645882	0.5468063500669481	0	-0.0016783861354117136	0.006739649933051872	0.00007
WONB48_B10	-1.80644400953899	0.5858807412293965	4.440892098500626e-16	-0.0018369904610100463	0.006990258770603552	0.0000699999999995559
WONB49_1	-2.2662213607184905	0.19487620557373048	0	-0.0009646392815096938	0.0027277944262695253	0.00007
WONB49_2	-2.2368101769750806	0.2162825757461167	0	-0.0006688230249194405	0.0034384242538832988	0.00007
WONB49_3	-2.207020103113709	0.23828285108331115	0	-0.0010678968862909421	0.00333914891668885	0.00007
WONB49_5	-2.224043367879779	0.1350366358310945	0	-0.0005916321202210639	0.0021593641689055254	0.00007
WONB49_B2	-2.2571180760055505	0.14255134184001236	0	-0.0005859239944494554	0.0019746581599876245	0.00007
WONB49_B5	-2.2494762268659887	0.10119513121706629	0	-0.0009987731340110884	0.0015448687829337088	0.00007
WONB49_B11	-2.1952934672298077	0.12631548619219127	0	-0.0004995327701924346	0.0021865138078087376	0.00007
WONB5_1	-2.05783564158184	-0.68344372440748	0	-0.00016135841815989593	-0.00748627559252002	0.00007
WONB5_2	-2.024417108349377	-0.6833594728485521	0	-0.000034891650622981274	-0.007338527151447893	0.00007
WONB5_3	-1.9902495413946273	-0.6835357290574426	0	0.00040754139462717553	-0.007340270942557403	0.00007
WONB5_5	-2.035598350348905	-0.7892874008902477	0	0.00007135034890470848	-0.007998599109752313	0.00007
WONB5_B1	-2.063890458032881	-0.7357981290587235	0	-0.000024541967118985042	-0.007705870941276505	0.00007
WONB5_B4	-2.06936549555206	-0.7883746832824973	0	0.0004574955520602053	-0.008226316717502735	0.00007
WONB5_B11	-2.0125439200862925	-0.8231308885037047	0	0.0004259200862923862	-0.00867211149629521	0.00007
WONB9_1	-0.9657451719545718	0.899494115652213	-4.440892098500626e-16	-0.004290828045428241	0.004687884347786997	0.00007000000000044408
WONB9_2	-0.9879682800371948	0.9394290083052467	0	-0.0045857199628052125	0.004971991694753375	0.00007
WONB9_3	-1.0106260446725441	0.9792749183550801	-4.440892098500626e-16	-0.005044955327455858	0.005286081644919949	0.00007000000000044408
WONB9_5	-0.9099965408195686	1.016888402753221	0	-0.004724459180431406	0.00446859724677906	0.00007
WONB9_B1	-0.9272101578083194	0.9384159850851715	0	-0.0045558421916805925	0.004582014914828458	0.00007
WONB9_B4	-0.88762905529289	0.9770898950598651	0	-0.004299944707109926	0.004407104940134854	0.00007
WONB9_B15	-0.9584875515489101	1.0285065539147775	0	-0.004995448451089901	0.0049984460852223744	0.00007
