WONB2	-1.1251288322693105	-0.9341169966666206	0	-0.0045751677306895555	-0.006451003333379335	0.00007
WONB3	-0.7069291758506862	1.1327459966622555	0	-0.006606824149313795	0.0038250033377444925	0.00007
WONB5	0.6158400138648683	1.1651141427619478	0	0.0031869861351316864	0.002670857238052271	0.00007
WONB8	-1.7846235665926853	-1.00475183248399	0	-0.0016044334073146427	-0.00939216751601002	0.00007
WONB9	-0.5977767471893879	-0.48467677864063907	0	-0.0003842528106121623	-0.0012402213593609157	0.00007
WONB13	-1.5832745048194583	-0.4949990462981846	0	-0.0017964951805415907	-0.005776953701815413	0.00007
WONB14	0.4481910763926564	-0.600551078761219	0	0.001479923607343614	-0.0015219212387809211	0.00007
WONB20	-1.5414517205366869	0.7368483859606134	0	-0.0029072794633131505	0.007600614039386611	0.00007
WONB21	1.1449889809424139	0.8575378519036183	-4.440892098500626e-16	0.003928019057586107	0.005177148096381701	0.00007000000000044408
WONB27	-0.6759152139418638	0.4464165360749504	0	0.00057721394186383	0.001062463925049606	0.00007
WONB28	0.7150246636827836	-1.0190982940483224	0	0.0045543363172163565	-0.004017705951677497	0.00007
WONB31	-0.18308536456203436	-1.054565513977664	0	-0.0015686354379656486	-0.0020644860223359984	0.00007
WONB32	-1.878927857502951	0.07433778038259332	4.440892098500626e-16	0.00018985750295108517	0.00166821961740668	0.0000699999999995559
WONB33	-0.920662242060276	-0.024114319886765528	0	0.00027824206027604603	0.000025319886765528404	0.00007
WONB34	0.5403884764851109	0.4826416887538489	0	-0.00014147648511086963	0.000512311246151087	0.00007
WONB37	-2.0923762955258387	0.6564914687300336	0	-0.00008970447416123406	0.008414531269966385	0.00007
WONB38	0.14430271971853895	0.994557366797415	0	-0.0002347197185389449	-0.00014736679741500502	0.00007
WONB41	1.1852361141512626	-0.42551529176843994	0	0.0012338858487372928	-0.004063708231560048	0.00007
WONB42	-0.04036837510554342	-0.3306745696499832	0	0.00030637510554341885	-0.000332430350016788	0.00007
WONB47	-0.01661741937451847	0.3614933005360022	0	-0.0001935806254815299	0.000398699463997787	0.00007
WONB48	0.5966743088604068	-0.10832025952627991	0	-0.00033030886040685825	-0.00009174047372008387	0.00007
WONB49	1.1932349901811472	0.2161504417122138	0	0.00036000981885275785	0.0015015582877862255	0.00007
WONB13_1	-1.5398079581369146	-0.42638800928261705	0	-0.0016360418630854134	-0.005204990717382951	0.00007
WONB13_2	-1.5266154880719922	-0.4797197880984602	0	-0.002014511928007723	-0.005893211901539797	0.00007
WONB13_3	-1.5133122041486837	-0.5336365086099609	0	-0.0026147958513162983	-0.006300491390039076	0.00007
WONB13_5	-1.6397250815974906	-0.5105949435626446	0	-0.0011289184025093935	-0.006183056437355394	0.00007
WONB13_B1	-1.5967483064664298	-0.4414854291301431	4.440892098500626e-16	-0.001006693533570191	-0.005536570869856872	0.0000699999999995559
WONB13_B5	-1.6702336855844149	-0.46453040364906345	-4.440892098500626e-16	-0.000880314415585115	-0.00581959635093654	0.00007000000000044408
WONB13_B11	-1.6639344853918197	-0.5622028034156415	0	-0.0008745146081803323	-0.006566196584358419	0.00007
WONB14_1	0.45095010297891835	-0.5230360369246498	0	0.0010118970210816203	-0.0011989630753501679	0.00007
WONB14_2	0.48720061652275654	-0.5636734418393914	0	0.001298383477243481	-0.001237558160608665	0.00007
WONB14_3	0.523374435131077	-0.6043779267390778	0	0.001483564868923093	-0.0014840732609222584	0.00007
WONB14_5	0.4083985002424371	-0.6374444480832487	0	0.0016104997575628888	-0.0011305519167512657	0.00007
WONB14_B1	0.41208438013497906	-0.559984142569461	0	0.0012136198650209429	-0.0007748574305389555	0.00007
WONB14_B5	0.36135728236275216	-0.6110249222532768	0	0.0011987176372478259	-0.0009340777467232719	0.00007
WONB14_B12	0.430250273419073	-0.6883467324280411	-4.440892098500626e-16	0.0012267265809269845	-0.0011362675719588378	0.00007000000000044408
WONB20_1	-1.5122422622119187	0.6609858961716917	0	-0.002224737788081299	0.00714610382830827	0.00007
WONB20_2	-1.5665639407872844	0.6845000987697696	0	-0.002414059212715536	0.007413901230230446	0.00007
WONB20_3	-1.6214062822300588	0.7079665898512159	0	-0.0025297177699412643	0.007597410148784123	0.00007
WONB20_5	-1.5152634584950642	0.788469192928593	0	-0.003156541504935939	0.007855807071406984	0.00007
WONB20_B1	-1.4869880063938532	0.71355372343918	0	-0.0031169936061468118	0.007433276560820046	0.00007
WONB20_B6	-1.45643043585349	0.8019747358197664	0	-0.00350056414651001	0.0075502641802336345	0.00007
WONB20_B11	-1.5415017276860565	0.8385846301316379	0	-0.0029602723139434683	0.00832936986836208	0.00007
WONB21_1	1.2085129754859407	0.8930174765655452	0	0.004019024514059222	0.005727523434454818	0.00007
WONB21_2	1.1956329156351464	0.8434972002748296	0	0.003971084364853494	0.005748799725170395	0.00007
WONB21_3	1.182980959144267	0.7940529189246601	-4.440892098500626e-16	0.0034570408557330623	0.005173081075339869	0.00007000000000044408
WONB21_5	1.0935420809184173	0.8708046668314503	-4.440892098500626e-16	0.004137919081582675	0.005180333168549711	0.00007000000000044408
WONB21_B1	1.1577586818219117	0.9069477225558037	0	0.004203318178088278	0.005609277444196259	0.00007
WONB21_B6	1.072126644490536	0.9179695893433713	0	0.004280355509463929	0.0050324106566287385	0.00007
WONB21_B12	1.0653783875691167	0.829215588177949	4.440892098500626e-16	0.003390612430883344	0.004360411822050936	0.0000699999999995559
WONB27_2	-0.6689290618266495	0.5027131107695825	0	-0.00017293817335051198	0.0012438892304175164	0.00007
WONB27_3	-0.6110479360232386	0.496238238257833	0	0.0006969360232386146	0.0010467617421670017	0.00007
WONB27_5	-0.6829961471363966	0.38989110608501704	0	0.0005331471363965168	0.001218893914982977	0.00007
WONB27_B1	-0.7341270769101965	0.4529235970979086	0	0.0004680769101965687	0.0014464029020914149	0.00007
WONB27_B7	-0.7199646137981381	0.34540450509649	0	0.0007406137981381677	0.001030494903509982	0.00007
WONB27_B12	-0.6304904272209311	0.36556170392285026	0	0.0005904272209310557	0.0007252960771497174	0.00007
WONB28_1	0.746993188727973	-0.9473167214846845	0	0.0044388112720269435	-0.004187278515315529	0.00007
WONB28_2	0.7662983614375586	-1.0014231085413434	0	0.0037516385624414283	-0.0034298914586565754	0.00007
WONB28_3	0.785209048866781	-1.0553291283416504	0	0.0036349511332189888	-0.0032518716583496143	0.00007
WONB28_5	0.66396812082266	-1.0373631771189276	0	0.004556879177340045	-0.0041258228810725495	0.00007
WONB28_B7	0.6106787475583374	-1.0236270686921218	0	0.004308252441662552	-0.00396293130787817	0.00007
WONB28_B13	0.6830345634739766	-1.0923128571615104	0	0.003999436526023414	-0.003002142838489652	0.00007
WONB2_1	-1.1692419323048573	-0.8674245195115963	0	-0.003953067695142698	-0.006778480488403682	0.00007
WONB2_2	-1.1136587043286097	-0.877877120309539	0	-0.004132295671390285	-0.006151879690460937	0.00007
WONB2_3	-1.0582572816671103	-0.8883677430911172	4.440892098500626e-16	-0.0042787183328896194	-0.006061256908882817	0.0000699999999995559
WONB2_5	-1.135773215864233	-0.9900667545229628	0	-0.004085784135766879	-0.006887245477037229	0.00007
WONB2_B1	-1.1808555283656397	-0.9236168122868013	4.440892098500626e-16	-0.004935471634360367	-0.00699918771319874	0.0000699999999995559
WONB2_B4	-1.191831193606216	-0.9797885936732939	4.440892098500626e-16	-0.005162806393783859	-0.007087406326706125	0.0000699999999995559
WONB2_B8	-1.159518882370095	-1.0427458780484284	0	-0.006921117629904883	-0.007119121951571605	0.00007
WONB31_1	-0.2233798023036078	-0.986297371703239	4.440892098500626e-16	-0.0018191976963922163	-0.0012256282967610943	0.0000699999999995559
WONB31_2	-0.16942843279540362	-0.9992659540623952	0	-0.0016065672045963708	-0.0011590459376047413	0.00007
WONB31_3	-0.11627640621391257	-1.0113116502528887	0	-0.0006495937860874351	-0.00197634974711125	0.00007
WONB31_5	-0.19615918835813995	-1.1109546183473733	-4.440892098500626e-16	-0.0017238116418600569	-0.0017333816526265977	0.00007000000000044408
WONB31_B1	-0.2366070779948234	-1.0421242615019493	0	-0.002055922005176597	-0.0018127384980506367	0.00007
WONB31_B8	-0.2214551866631616	-1.1625743156222046	0	-0.002501813336838382	-0.002446684377795494	0.00007
WONB31_B11	-0.1624643890688915	-1.1554646953873675	-4.440892098500626e-16	-0.0020026109311085116	-0.0023633046126325663	0.00007000000000044408
WONB32_1	-1.8887412440097266	0.14987924397400823	0	-0.00011275599027338323	0.0027517560259917584	0.00007
WONB32_2	-1.8437330318538885	0.11794817987403396	0	-0.0000639681461114261	0.0023328201259660425	0.00007
WONB32_3	-1.798991504908037	0.08616710616186045	0	-0.0005744950919630565	0.0018628938381395482	0.00007
WONB32_5	-1.9142356716104487	0.030324381165582392	0	0.00019567161044875547	0.0005946188344176061	0.00007
WONB32_B1	-1.924124621846722	0.10620629836288685	0	-0.00024037815327804246	0.002188701637113155	0.00007
WONB32_B8	-1.9589085065970158	-0.005185778137658522	0	0.00013250659701569134	0.0008477781376585222	0.00007
WONB32_B12	-1.8841581600414163	-0.014103397379075636	0	0.00007916004141628186	0.0004073973790756358	0.00007
WONB33_1	-0.8913891141682445	0.04679317056778821	-4.440892098500626e-16	-0.00004188583175546157	0.0007418294322117935	0.00007000000000044408
WONB33_2	-0.8693068602280214	-0.0019290046313017015	4.440892098500626e-16	-0.000024139771978570757	0.0003070046313017015	0.0000699999999995559
WONB33_3	-0.847460698783005	-0.05100794916506549	0	0.00006669878300502585	-0.000028050834934505164	0.00007
WONB33_5	-0.9712017701073734	-0.04650688515077084	0	-0.00015022989262658548	-0.00018811484922916233	0.00007
WONB33_B1	-0.9424823413382468	0.024993576067900324	0	-0.00023165866175323124	0.00045442393209967416	0.00007
WONB33_B8	-1.0255068863593293	-0.0575531860002507	0	-0.0003561136406706744	0.00011718600025070053	0.00007
WONB33_B13	-0.9495796831855392	-0.09560902252859924	0	-0.00004331681446079205	-0.00046897747140076107	0.00007
WONB34_1	0.5218358993605267	0.5535680684506074	4.440892098500626e-16	0.0002041006394732925	0.0007879315493926065	0.0000699999999995559
WONB34_2	0.5665967315700773	0.5260852961492128	0	0.000220268429922732	0.0008247038507871451	0.00007
WONB34_3	0.6115984795617129	0.49820816142160984	0	-0.00002747956171289534	0.001006838578390179	0.00007
WONB34_5	0.5133900218716587	0.43858785105609166	0	0.00006997812834130812	0.00022414894390831996	0.00007
WONB34_B1	0.495334499363056	0.5103756686828089	-4.440892098500626e-16	0.00004950063694397766	0.0004933313171910925	0.00007000000000044408
WONB34_B8	0.4770688582808155	0.4018103055230152	0	-0.00028085828081553244	0.0005486944769848012	0.00007
WONB34_B14	0.5650310245117206	0.42693241253650915	0	-0.00021202451172064318	0.0005325874634908301	0.00007
WONB37_1	-2.047002358032884	0.5919751516673243	0	-0.000423641967115973	0.008348848332675685	0.00007
WONB37_2	-2.1015509612423786	0.6026097139749385	0	-0.0001390387576214458	0.008197286025061534	0.00007
WONB37_3	-2.156267531219474	0.6131811407553155	4.440892098500626e-16	-0.00006846878052613192	0.008250859244684494	0.0000699999999995559
WONB37_5	-2.0798030492802475	0.7088560532843667	-4.440892098500626e-16	-0.0003469507197526589	0.009399946715633267	0.00007000000000044408
WONB37_B1	-2.037484028652121	0.6459061931406436	4.440892098500626e-16	-0.00032797134787898585	0.008580806859356471	0.0000699999999995559
WONB37_B9	-2.078260279856863	0.761104906434826	0	-0.000899720143137106	0.009481093565174015	0.00007
WONB37_B13	-2.1346845077489176	0.7195085956695623	0	-0.00027949225108248044	0.009093404330437704	0.00007
WONB38_1	0.2050514707723256	1.0340048184729864	0	-0.00016947077232559726	0.0003461815270136004	0.00007
WONB38_3	0.18589480147873924	0.9324190014022606	0	-0.0001618014787392319	-0.00009900140226060117	0.00007
WONB38_5	0.09321843657217804	1.0047902713210202	0	-0.0006754365721780425	-0.00014227132102018203	0.00007
WONB38_B1	0.15418585380642189	1.0452501172629318	-4.440892098500626e-16	-0.0002328538064218788	0.00014988273706828537	0.00007000000000044408
WONB38_B9	0.04102748283055753	1.0031110899705526	-4.440892098500626e-16	-0.0008654828305575263	-0.00005808997055267717	0.00007000000000044408
WONB38_B14	0.1008087370675889	0.9536896612461216	4.440892098500626e-16	-0.0004567370675889054	-0.0003296612461216597	0.0000699999999995559
WONB3_1	-0.6663911989948021	1.0696853254642578	0	-0.006073801005197832	0.003723674535742294	0.00007
WONB3_2	-0.7188374997899213	1.081807829541666	0	-0.00640250021007871	0.0039181704583339805	0.00007
WONB3_3	-0.7707530221277246	1.0929906333190158	0	-0.006415977872275436	0.004407366680984293	0.00007
WONB3_5	-0.6948924945977489	1.1836642669787198	0	-0.007179505402251096	0.0037817330212801537	0.00007
WONB3_B1	-0.6548277643598233	1.1212518814317114	0	-0.0064292356401767226	0.0036081185682885764	0.00007
WONB3_B4	-0.6430651523212209	1.172245347780816	-4.440892098500626e-16	-0.006673847678779099	0.003471652219183996	0.00007000000000044408
WONB3_B9	-0.6949015831692595	1.2354699403188802	0	-0.007526416830740512	0.003950059681119722	0.00007
WONB41_1	1.2541088448494822	-0.3942860778083301	0	0.000534155150517801	-0.0031849221916699366	0.00007
WONB41_2	1.2363386985308389	-0.4437473442966819	0	0.0012433014691610733	-0.0046566557033181355	0.00007
WONB41_3	1.2195497133125528	-0.4948759634149819	0	0.0011242866874472401	-0.004670036585018078	0.00007
WONB41_5	1.133143177854506	-0.40677027359962065	-4.440892098500626e-16	0.0017308221454939154	-0.003895726400379329	0.00007000000000044408
WONB41_B1	1.2018330149982814	-0.37453299484275476	0	0.0016259850017186217	-0.004137005157245244	0.00007
WONB41_B10	1.0806121384577578	-0.41816762273864533	0	0.0017158615422421253	-0.0040183772613546775	0.00007
WONB41_B14	1.1341982915808753	-0.4607091856983171	-4.440892098500626e-16	0.0019377084191247729	-0.0042888143016829305	0.00007000000000044408
WONB42_1	-0.05075276503290016	-0.25465372649008317	0	0.0000847650329001623	-0.000057273509916855314	0.00007
WONB42_2	-0.007802324432366954	-0.28753636864592363	0	0.00018232443236695407	-0.000304631354076379	0.00007
WONB42_3	0.035214571392113175	-0.32030605594784495	0	0.00014942860788682427	-0.000131944052155053	0.00007
WONB42_5	-0.07283260165835809	-0.3741918630222042	0	0.00023460165835809121	-0.0003411369777958084	0.00007
WONB42_B1	-0.08314993660131305	-0.2974441465904989	0	0.00015493660131304932	-0.000680853409501081	0.00007
WONB42_B10	-0.07747446199935228	-0.4289326417527279	0	0.00021946199935227173	-0.0003253582472720895	0.00007
WONB42_B15	-0.010221621986938375	-0.3758890950601806	-4.440892098500626e-16	0.0003846219869383747	-0.00044590493981938595	0.00007000000000044408
WONB44_5	1.1164698718426946	1.3029006630757929	0	0.006106128157305379	0.002780336924207205	0.00007
WONB44_B11	1.1454209773227217	1.2596950286527113	0	0.006143022677278287	0.006469971347288661	0.00007
WONB47_1	-0.03982154962928357	0.4323451314785665	4.440892098500626e-16	-0.000245450370716431	0.00015986852143345942	0.0000699999999995559
WONB47_2	0.0074014633609054675	0.4077863936198416	0	-0.00012446336090546784	0.0003446063801584298	0.00007
WONB47_3	0.054571697832372104	0.3838319057402272	0	-0.00007669783237210237	0.00003709425977282965	0.00007
WONB47_5	-0.0408583081328673	0.3147398651549587	0	-0.00010969186713269408	0.0002131348450412629	0.00007
WONB47_B5	-0.09365184987800479	0.32250885744085633	0	-0.00031715012199520776	0.0002971425591436483	0.00007
WONB47_B9	-0.05377949234320464	0.2634929245376452	0	-0.0001005076567953539	0.0002550754623547591	0.00007
WONB48_1	0.5601272992932536	-0.0420666583503749	0	-0.0003032992932535672	0.000042658350374903675	0.00007
WONB48_2	0.610845835651247	-0.057609532540694765	0	-0.00043883565124691604	0.00006253254069476383	0.00007
WONB48_3	0.6617194880150684	-0.0731464106124741	0	-0.0003934880150684439	-0.00006758938752590704	0.00007
WONB48_5	0.5817659786633225	-0.15933430180488387	4.440892098500626e-16	-0.00024897866332251883	-0.00018169819511612562	0.0000699999999995559
WONB48_B2	0.5436646980520499	-0.1102982307537615	0	-0.0000846980520499141	-0.00021576924623850635	0.00007
WONB48_B5	0.5286826388241467	-0.16141069108782236	0	-0.00015463882414668007	-0.00023430891217765537	0.00007
WONB48_B10	0.5963768939580204	-0.21085827644777017	0	0.00009110604197959393	-0.00047472355222982765	0.00007
WONB49_1	1.2651701566680658	0.19164813318636376	-4.440892098500626e-16	-0.00016615666806574225	0.0015108668136362413	0.00007000000000044408
WONB49_2	1.2178671123866112	0.16917281641780219	0	0.0000878876133887374	0.0007121835821978229	0.00007
WONB49_5	1.168174256573734	0.26307895804860526	0	0.0002977434262658729	0.001587041951394752	0.00007
WONB49_B2	1.22959252519451	0.25289060478336267	0	0.0002674748054900533	0.0018663952166373399	0.00007
WONB49_B11	1.1154742957471075	0.27412066134986685	0	0.00042970425289245995	0.0015923386501331405	0.00007
WONB5_1	0.6716239925542212	1.1165305867283817	0	0.003263007445778787	0.002968413271618342	0.00007
WONB5_2	0.619984416734878	1.114082670467006	0	0.0029955832651219483	0.002673329532994151	0.00007
WONB5_3	0.5686082324333962	1.1116477100563753	0	0.0025537675666037485	0.0022622899436246513	0.00007
WONB5_5	0.6115905739050223	1.2161668043129756	0	0.0035004260949778043	0.0029351956870242724	0.00007
WONB5_B1	0.6672946372591858	1.16768057188009	0	0.003645362740814173	0.0032434281199100745	0.00007
WONB5_B4	0.6629631520522362	1.2183990963714306	0	0.0035828479477637565	0.003300903628569385	0.00007
WONB5_B11	0.5687946581550992	1.2460261809174216	0	0.0032923418449007924	0.002648819082578413	0.00007
WONB8_1	-1.7427014880567007	-0.9317124478210775	0	-0.002596511943299351	-0.01014155217892243	0.00007
WONB8_2	-1.7266339050687758	-0.9862856999673026	0	-0.0031410949312242753	-0.009231300032697343	0.00007
WONB8_3	-1.7105788933501143	-1.0411572524084556	-4.440892098500626e-16	-0.0036631066498857834	-0.011102747591544393	0.00007000000000044408
WONB8_5	-1.8412821849590435	-1.022381168381476	0	-0.001788815040956404	-0.009766831618523986	0.00007
WONB8_B1	-1.8009137651915565	-0.9502415343314031	0	-0.0021442348084435014	-0.010021465668596852	0.00007
WONB8_B4	-1.858360843675871	-0.9680680295199366	0	-0.001171156324129008	-0.009651970480063388	0.00007
WONB8_B14	-1.8071579941543998	-1.0681107176776763	0	-0.0027400058456001908	-0.010290282322323652	0.00007
WONB9_1	-0.585719775978371	-0.4068551332643281	4.440892098500626e-16	-0.0001382240216289965	-0.0009788667356718794	0.0000699999999995559
WONB9_2	-0.5530769603728433	-0.4511131103779117	4.440892098500626e-16	-0.0002470396271567754	-0.0010308896220883046	0.0000699999999995559
WONB9_3	-0.5203598962115173	-0.4955155253773454	0	-0.00033210378848269606	-0.0010324746226546	0.00007
WONB9_5	-0.6427386179716931	-0.5183324146959913	0	-0.0008443820283069448	-0.0015765853040086153	0.00007
WONB9_B1	-0.6306588688388172	-0.44031888683928194	0	-0.00023213116118281363	-0.0012561131607180531	0.00007
WONB9_B4	-0.6753570886085465	-0.47381641342650765	0	-0.0004679113914535238	-0.0015475865734923544	0.00007
WONB9_B15	-0.5816349478562427	-0.5377586022172192	0	-0.0007220521437573124	-0.0011863977827808458	0.00007
