44	-0.4631774559066616	0.8703252189601548	0	-0.0025905440933384205	0.0011107810398451878	0.00007
45	-0.46432515616063247	-0.8396644152758238	4.440892098500626e-16	-0.005024843839367521	-0.002435584724176154	0.00041999999999955593
46	-0.24974928347760555	0.8093971752209885	0	-0.001448716522394422	0.00026982477901149604	0.00007
47	-0.24751642346822395	-0.7793389162154777	-4.440892098500626e-16	0.0011164234682239371	-0.007461083784522371	0.0004200000000004441
48	-0.2316605848333856	-0.5989535836460994	0	0.006610584833385613	0.002203583646099405	0.00042
WONB2	-1.751073188200964	0.13496245227715206	0	-0.00004081179903603349	0.002605547722847934	0.00007
WONB3	0.06331027910550596	-0.3800482416595555	-4.440892098500626e-16	0.001113720894494033	0.0002002416595554557	0.00007000000000044408
WONB4	0.936757831178313	-1.0190259578045702	-4.440892098500626e-16	0.004349168821687011	-0.0053630421954298235	0.00007000000000044408
WONB7	-2.0457934794381054	-1.1690813663408828	0	0.0004974794381054082	-0.00884563365911717	0.00007
WONB8	-1.7762370715913582	0.7442425471912346	0	-0.0014859284086417013	0.008528452808765352	0.00007
WONB9	-1.468503836136312	-0.3933169611610487	0	-0.0019961638636878387	-0.004162038838951332	0.00007
WONB12	-2.0526940689254705	-0.3346895817436911	0	-0.000634931074529721	-0.004111418256308896	0.00007
WONB13	-1.4378159693123624	0.5985001632645786	0	-0.0024340306876375895	0.0070178367354214455	0.00007
WONB18	-2.0239374033180955	1.1415389764298447	0	-0.0002455966819043809	0.008820023570155211	0.00007
WONB20	-0.6832202589531295	0.5888810409053841	-4.440892098500626e-16	0.00004825895312954298	-0.00010604090538401945	0.00007000000000044408
WONB23	-2.0743400315142244	0.39186501986757416	0	0.0006260315142245787	0.0057099801324258515	0.00007
WONB25	0.7418565486196554	-0.015012321411429323	0	0.0003054513803445458	0.0007093214114293235	0.00007
WONB26	1.9120502153150385	0.3433874893950833	-4.440892098500626e-16	-0.000027215315038464638	0.004601510604916703	0.00007000000000044408
WONB27	-0.9683005255760689	-0.4379089376255056	-4.440892098500626e-16	-0.0003974744239310102	-0.004310062374494383	0.00007000000000044408
WONB30	1.1539471621885937	0.7428987304545661	-4.440892098500626e-16	0.003800837811406277	0.0059272695454338775	0.00007000000000044408
WONB31	-1.8520015988199139	-0.7531609468137298	0	-0.0015724011800861692	-0.008730053186270181	0.00007
WONB32	-0.98408330719599	0.9722193120920974	0	-0.004711692804009959	0.006646687907902571	0.00007
WONB40	1.816355604567547	-0.5010265460242008	0	-0.000634604567547159	-0.007589453975799132	0.00007
WONB42	-1.361488407032592	-0.99402625052916	0	-0.005130592967407921	-0.00851874947083997	0.00007
WONB46	0.45389011765988824	1.1198034930927558	0	0.0036488823401117365	0.0026685069072440726	0.00007
WONB47	-0.7687040532219632	-1.1457683072815326	4.440892098500626e-16	-0.005707946778036765	-0.0050466927184673605	0.0000699999999995559
WONB10_3	-1.6284946078977798	1.2995743890323392	0	-0.004429392102220264	0.00502161096766085	0.00007
WONB12_1	-2.007290536574913	-0.3462547125985204	0	-0.00037846342508673914	-0.004743287401479557	0.00007
WONB12_2	-2.0316141802239045	-0.37658645514316413	0	-0.0009788197760953743	-0.0049735448568358764	0.00007
WONB12_3	-2.0561628882045433	-0.4056546406396039	0	-0.00037211179545648676	-0.0053493593603961	0.00007
WONB12_5	-2.0696649021979057	-0.2934728434444725	0	-0.0003560978020944461	-0.0034861565555274754	0.00007
WONB12_B1	-2.0281787542677634	-0.3049974403724244	0	-0.0010512457322366942	-0.0038975596275755975	0.00007
WONB12_B5	-2.0527909982681956	-0.25163215694463875	0	-0.000558001731804314	-0.002934843055361236	0.00007
WONB12_B10	-2.096976182638745	-0.27398618454966667	0	-0.0004408173612548971	-0.003956815450333329	0.00007
WONB13_1	-1.3866881647421414	0.5612783494200881	0	-0.002341835257858582	0.006753650579911841	0.00007
WONB13_2	-1.426528008731814	0.5438309193273422	0	-0.0022459912681860317	0.0068920806726577855	0.00007
WONB13_3	-1.4657108668785161	0.5266279469209596	0	-0.0022391331214839383	0.006619053079040427	0.00007
WONB13_5	-1.4479574092292895	0.6530485889584068	-4.440892098500626e-16	-0.002572590770710592	0.00755241104159321	0.00007000000000044408
WONB13_B1	-1.3985671383516862	0.6165060816547672	0	-0.00270486164831385	0.00714991834523282	0.00007
WONB13_B5	-1.4136017533958114	0.6878359419043799	0	-0.0031822466041886432	0.007795058095620089	0.00007
WONB13_B11	-1.483925326135648	0.6722198537329289	0	-0.0025196738643520344	0.007823146267071035	0.00007
WONB18_1	-2.046000096674644	1.0737180875577377	0	-0.00007590332535567512	0.008473912442262366	0.00007
WONB18_2	-2.053939562631623	1.1220329902170048	4.440892098500626e-16	0.0001895626316228416	0.008480009782995346	0.0000699999999995559
WONB18_3	-2.060549385512833	1.170123316930181	0	0.0012293855128331366	0.008026683069819018	0.00007
WONB18_5	-1.991858418839523	1.1612926942461494	0	-0.0010235811604770717	0.008710305753850456	0.00007
WONB18_B1	-2.016901524548705	1.093024674838973	-4.440892098500626e-16	-0.0004204754512948661	0.009032325161027144	0.00007000000000044408
WONB18_B6	-1.965381968471486	1.1347863682065655	0	-0.0009230315285140289	0.008701631793434528	0.00007
WONB18_B9	-1.961572645300613	1.1914436104144266	0	-0.0010963546993869588	0.008588389585573397	0.00007
WONB20_1	-0.7561880059508401	0.5471862927134283	0	0.00013800595084012546	0.00009970728657171524	0.00007
WONB20_2	-0.7324266648312657	0.6141964255222325	4.440892098500626e-16	-0.0004223351687342447	0.0003055744777674674	0.0000699999999995559
WONB20_3	-0.7094612520796743	0.6821725622964021	-4.440892098500626e-16	-0.0004897479203257449	0.0003744377035979074	0.00007000000000044408
WONB20_5	-0.6302694644167037	0.5626697086339973	0	0.00030646441670367786	-0.0003957086339972937	0.00007
WONB20_B1	-0.7069815386457589	0.5212419254062813	4.440892098500626e-16	0.0003055386457588849	-0.00006992540628136812	0.0000699999999995559
WONB20_B6	-0.6160854639607694	0.49259370482921927	0	0.0005314639607693072	-0.0006087048292192643	0.00007
WONB20_B11	-0.5776130299596068	0.6000685532350043	-4.440892098500626e-16	0.0003460299596068639	-0.0004715532350042517	0.00007000000000044408
WONB23_1	-2.0341749685064734	0.3502777119040945	0	0.00027396850647321003	0.004981288095905478	0.00007
WONB23_2	-2.068213649509385	0.3421225161735758	-4.440892098500626e-16	0.0001376495093849961	0.004956483826424218	0.00007000000000044408
WONB23_3	-2.100845415012651	0.33424864934622384	0	-0.00040358498734915926	0.00423235065377614	0.00007
WONB23_5	-2.077945375935451	0.4416178183739447	0	0.0008713759354508355	0.006218181626055308	0.00007
WONB23_B1	-2.0405163454404316	0.4007783564134131	0	0.0004333454404314985	0.005458643586586931	0.00007
WONB23_B6	-2.0531118212363646	0.47939317481544297	4.440892098500626e-16	0.0006328212363646557	0.006379825184557042	0.0000699999999995559
WONB23_B14	-2.1069456292230813	0.41744070396167127	0	-0.00030937077691861603	0.005348296038328759	0.00007
WONB25_1	0.84964936802605	-0.036456278166672705	0	0.00010163197395007817	0.0006712781666727077	0.00007
WONB25_2	0.7854004771944367	-0.08018204744609303	0	0.000254522805563262	0.00048904744609303	0.00007
WONB25_3	0.7223556754231194	-0.12349238702728689	0	0.0005663245768805503	0.000387387027286884	0.00007
WONB25_5	0.69991053535327	0.049722141732569995	0	0.0005834646467299809	0.0010668582674300056	0.00007
WONB25_B1	0.8049222675193501	0.02927571626785395	0	0.000380732480649848	0.0007482837321460475	0.00007
WONB25_B10	0.6323532801770804	0.07998473932762387	0	0.0008927198229196076	0.0009562606723761274	0.00007
WONB26_1	2.0422513526741852	0.406219461777353	-4.440892098500626e-16	0.0003336473258146455	0.006172538222646962	0.00007000000000044408
WONB26_2	2.009039811920596	0.31761770901614467	4.440892098500626e-16	0.00008318807940410622	0.004962290983855311	0.0000699999999995559
WONB26_3	1.9763358456369753	0.23050712238852827	0	-0.0009018456369753736	0.0032318776114717285	0.00007
WONB26_5	1.8168757929724815	0.36753559959090604	-4.440892098500626e-16	0.0013822070275184561	0.005366400409093974	0.00007000000000044408
WONB26_B1	1.9448376198073234	0.4304598242646738	-4.440892098500626e-16	0.0005223801926765859	0.006630175735326205	0.00007000000000044408
WONB26_B7	1.756631894944746	0.43403414416502556	0	0.0007451050552540472	0.006066855834974461	0.00007
WONB26_B11	1.7342925322920633	0.3160013493424704	0	0.0018974677079366398	0.004051650657529604	0.00007
WONB27_1	-0.9104370316696647	-0.3823872712159716	4.440892098500626e-16	-0.00007896833033527173	-0.00354772878402837	0.0000699999999995559
WONB27_2	-0.9164525118279563	-0.4508427120834267	0	-0.0007004881720437117	-0.003959287916573295	0.00007
WONB27_3	-0.9233895617226638	-0.5191919104238231	4.440892098500626e-16	-0.0007094382773361607	-0.004629089576176915	0.0000699999999995559
WONB27_5	-1.0193567298335589	-0.42507032704276765	4.440892098500626e-16	-0.0005092701664410892	-0.004319672957232346	0.0000699999999995559
WONB27_B1	-0.9619734898216107	-0.37007351210834283	4.440892098500626e-16	-0.0002945101783893289	-0.003812487891657168	0.0000699999999995559
WONB27_B7	-1.0578058194381597	-0.37872992660025623	0	-0.00048418056184029723	-0.0043420733997437955	0.00007
WONB27_B12	-1.042920581134764	-0.48441206826184474	-4.440892098500626e-16	-0.0009684188652361314	-0.005226931738155249	0.00007000000000044408
WONB2_1	-1.7058190539727394	0.17804695853360739	0	-0.0004729460272605568	0.003005041466392605	0.00007
WONB2_2	-1.7162905897849532	0.12472646708535835	0	-0.0003334102150467366	0.0025695329146416396	0.00007
WONB2_3	-1.7269948964114419	0.07159031270087847	0	-0.0004431035885581469	0.0018136872991215275	0.00007
WONB2_5	-1.7835948682893776	0.14465546081994152	0	-0.0002551317106223028	0.0028865391800584894	0.00007
WONB2_B1	-1.7411007779752983	0.18790031262886994	4.440892098500626e-16	-0.00043722202470175553	0.0032596873711300545	0.0000699999999995559
WONB2_B4	-1.7740049622846552	0.19745912098134236	0	-0.00032203771534478065	0.0032698790186576343	0.00007
WONB2_B8	-1.8131304930060297	0.1663757985308178	0	0.0002274930060297553	0.0029112014691821952	0.00007
WONB30_1	1.2386730835890707	0.6641432190816615	0	0.0029799164109292064	0.0056597809183385195	0.00007
WONB30_2	1.1527830156925627	0.6590548348448756	-4.440892098500626e-16	0.002763984307437406	0.005571165155124458	0.00007000000000044408
WONB30_3	1.0682424374638146	0.6543987286690945	-4.440892098500626e-16	0.0026705625361853613	0.004834271330905415	0.00007000000000044408
WONB30_5	1.1562216665544056	0.8259886671657288	4.440892098500626e-16	0.0044773334455943115	0.006678332834271217	0.0000699999999995559
WONB30_B1	1.2400073771542388	0.7485517897401852	0	0.0038696228457610893	0.006490210259814777	0.00007
WONB30_B7	1.2045324058719808	0.9007076679938858	0	0.005263594128019244	0.006891332006114248	0.00007
WONB30_B15	1.0746987890978084	0.764420246936437	0	0.003450210902191664	0.005839753063562991	0.00007
WONB31_1	-1.8092011021605254	-0.7216047646434367	0	-0.0016438978394746062	-0.008616235356563307	0.00007
WONB31_2	-1.8168846756775143	-0.7720448832696901	0	-0.0017453243224856418	-0.008472116730309898	0.00007
WONB31_3	-1.823547639673378	-0.8216677839417811	0	-0.0019133603266219268	-0.008815216058218889	0.00007
WONB31_5	-1.8863547672555814	-0.7348284291239928	0	-0.0011732327444187174	-0.008296570876007214	0.00007
WONB31_B1	-1.8444000293813954	-0.7033789131874169	0	-0.0011869706186047324	-0.008223086812583102	0.00007
WONB31_B8	-1.9171905239554763	-0.7057726201826281	0	-0.0015464760445236259	-0.008310379817371927	0.00007
WONB31_B11	-1.9126497289559696	-0.761903944505536	0	-0.0016752710440304242	-0.008837055494464008	0.00007
WONB32_1	-0.9198020603132303	0.9944581214335375	0	-0.0034609396867696374	0.006213878566462494	0.00007
WONB32_2	-0.9473626214342202	0.940232981068283	0	-0.0030883785657798146	0.00658801893171701	0.00007
WONB32_5	-1.0203992472796832	1.0039242808968758	0	-0.0044667527203168245	0.006953719103124145	0.00007
WONB32_B1	-0.9571451944360793	1.0264242134609953	0	-0.0051828055639207005	0.006495786539004733	0.00007
WONB32_B8	-1.0494655993843753	1.0465858751255408	0	-0.005596400615624608	0.007192124874459305	0.00007
WONB32_B12	-1.0594015618849024	0.9642630151407442	0	-0.004711438115097666	0.007320984859255808	0.00007
WONB37_1	-0.5049474105703939	1.259356263300498	0	-0.005003589429606103	0.00408073669950193	0.00007
WONB37_B1	-0.45827345662469016	1.2575264125103778	0	-0.0040795433753098576	0.0036625874896221156	0.00007
WONB3_1	-0.010883431047026253	-0.42845034968149864	0	0.0011594310470262534	0.0003733496814986581	0.00007
WONB3_3	0.01987369714651065	-0.2912158694741435	0	0.0010533028534893511	0.00042886947414350063	0.00007
WONB3_5	0.1241270098607976	-0.4007705849124678	-4.440892098500626e-16	0.0011939901392023916	0.00021758491246781642	0.00007000000000044408
WONB3_B1	0.047784092993095564	-0.4492462388347115	4.440892098500626e-16	0.0009819070069044325	0.0002452388347115031	0.0000699999999995559
WONB3_B4	0.1077244071878541	-0.47047695796606115	0	0.001025592812145898	0.00033195796606116934	0.00007
WONB3_B9	0.1885010015456614	-0.40521513209122967	-4.440892098500626e-16	0.001152998454338583	0.00026213209122966097	0.00007000000000044408
WONB40_1	1.9351017370977066	-0.43703934411022544	0	-0.0005187370977066674	-0.006490655889774544	0.00007
WONB40_2	1.9152039096381845	-0.5252366337371763	0	-0.0010419096381846238	-0.007278366262823632	0.00007
WONB40_3	1.8939477143364014	-0.6125624747992013	0	-0.0006017143364014377	-0.00856152520079867	0.00007
WONB40_5	1.7202913677190497	-0.4784501480599629	0	-0.000621367719049637	-0.006709851940037093	0.00007
WONB40_B1	1.8365019309904829	-0.41439439079185786	4.440892098500626e-16	-0.0003039309904828702	-0.006482609208142143	0.0000699999999995559
WONB40_B10	1.6305532936414102	-0.504592875278806	0	0.0003917063585898717	-0.006952124721193997	0.00007
WONB40_B13	1.7000699220402087	-0.5638279866192162	0	0.00033007795979123067	-0.007905013380783865	0.00007
WONB42_1	-1.301668821497318	-0.994800949845456	0	-0.005284178502682035	-0.008129050154544126	0.00007
WONB42_2	-1.3260137819735922	-1.0355902943656499	0	-0.005122218026407888	-0.008482705634350163	0.00007
WONB42_3	-1.3503638411126024	-1.076205670340382	0	-0.005409158887397458	-0.008440329659618051	0.00007
WONB42_5	-1.394930846937419	-0.9527130278344142	0	-0.004585153062580893	-0.00849597216558573	0.00007
WONB42_B1	-1.3374114219627669	-0.953651628001167	0	-0.0056875780372331874	-0.008347371998833064	0.00007
WONB42_B10	-1.4343227824985478	-0.9392355457450344	0	-0.004491217501452205	-0.008718454254965535	0.00007
WONB42_B15	-1.3953829761886187	-1.0188610746520597	-4.440892098500626e-16	-0.004780023811381318	-0.008649925347940401	0.00007000000000044408
WONB46_1	0.5342381639583992	1.0631548159487505	4.440892098500626e-16	0.00386283604160087	0.0026091840512494358	0.0000699999999995559
WONB46_2	0.4641097494694601	1.0440427208494187	0	0.003274250530539924	0.001980279150581188	0.00007
WONB46_3	0.39484300444586656	1.0247082126257419	-4.440892098500626e-16	0.0031029955541334586	0.0018987873742581929	0.00007000000000044408
WONB46_5	0.445678197711218	1.1950543176232864	0	0.0036798022887819526	0.002906682376713654	0.00007
WONB46_B2	0.5169472095262074	1.1636769104367604	0	0.0039347904737925266	0.0029510895632396394	0.00007
WONB46_B5	0.5087210720580857	1.239134857259912	0	0.0042659279419142715	0.0037021427400880658	0.00007
WONB46_B8	0.4532631442424068	1.2731691272405323	-4.440892098500626e-16	0.0039298557575931925	0.003031872759467591	0.00007000000000044408
WONB47_1	-0.6995945164777277	-1.1318127991026088	0	-0.005101483522272243	-0.004426200897391208	0.00007
WONB47_2	-0.7234849745366925	-1.1843328283748016	0	-0.0053900254633075795	-0.004743171625198439	0.00007
WONB47_3	-0.7476775675748315	-1.236817687808854	0	-0.006167432425168484	-0.005028312191146078	0.00007
WONB47_5	-0.8117259055083218	-1.107054764218235	0	-0.005623094491678193	-0.004997235781765141	0.00007
WONB47_B2	-0.7609413657139699	-1.0839384845908036	0	-0.004708634286030189	-0.004447515409196523	0.00007
WONB47_B5	-0.8040567439031046	-1.0453732413746517	0	-0.005071256096895405	-0.004899758625348305	0.00007
WONB47_B9	-0.8586418735635071	-1.0816423355235716	0	-0.0054841264364928755	-0.0053556644764283234	0.00007
WONB4_1	1.0528271896352017	-1.0300157171652724	0	0.004382810364798262	-0.006082282834727559	0.00007
WONB4_2	0.9968427247667682	-1.0824119101018341	0	0.005070275233231891	-0.005858089898165941	0.00007
WONB4_3	0.9419011175351943	-1.1342243584642258	-4.440892098500626e-16	0.00516488246480562	-0.005416641535774147	0.00007000000000044408
WONB4_5	0.8780959480957006	-0.9560356581726093	0	0.0037290519042993964	-0.0044253418273907386	0.00007
WONB4_B1	0.9912339468542865	-0.9668149356196966	-4.440892098500626e-16	0.0037590531457135645	-0.005279064380303455	0.00007000000000044408
WONB4_B4	0.9316318394247217	-0.9037929823166989	4.440892098500626e-16	0.0033971605752782796	-0.004568017683301062	0.0000699999999995559
WONB4_B10	0.8010145291538028	-0.9310302544483723	0	0.003353470846197193	-0.0036917455516277675	0.00007
WONB7_1	-2.064887041281298	-1.2290757245651793	-4.440892098500626e-16	0.0016810412812979791	-0.008370275434820718	0.00007000000000044408
WONB7_2	-2.078246407288266	-1.1789183261301797	0	0.001656407288265882	-0.008171673869820317	0.00007
WONB7_3	-2.091227625319508	-1.1288684163667533	0	0.0015606253195081798	-0.008497583633246819	0.00007
WONB7_5	-2.0135887790952114	-1.159335467920106	4.440892098500626e-16	-0.00003222090478871564	-0.00887553207989411	0.0000699999999995559
WONB7_B1	-2.032854840279611	-1.219923284676017	4.440892098500626e-16	0.0007638402796112942	-0.00828771532398287	0.0000699999999995559
WONB7_B4	-2.000707404510826	-1.2098916902446275	0	0.00009540451082612478	-0.008814309755372562	0.00007
WONB7_B13	-2.0277759944416855	-1.1092183543047254	4.440892098500626e-16	-0.00037300555831443205	-0.00905364569527456	0.0000699999999995559
WONB8_1	-1.7301519180517586	0.7126661342053678	0	-0.002075081948241353	0.008351865794632207	0.00007
WONB8_2	-1.763389463397447	0.6930440031940327	0	-0.001189536602552943	0.008600996805967265	0.00007
WONB8_3	-1.795633963683097	0.6738806457540016	0	-0.0009000363169031633	0.008353354245998368	0.00007
WONB8_5	-1.7860872299148816	0.7947689528561952	0	-0.001404770085118523	0.009066047143804767	0.00007
WONB8_B1	-1.7446990321594873	0.7640246702137358	0	-0.0019789678405126576	0.008836329786264252	0.00007
WONB8_B4	-1.756205441455217	0.815242383313849	0	-0.0018805585447829731	0.008957616686151026	0.00007
WONB8_B14	-1.8111291569455916	0.7597075054769128	-4.440892098500626e-16	-0.0013098430544082884	0.008731494523087191	0.00007000000000044408
WONB9_1	-1.4108079717742206	-0.4106174292264764	0	-0.0021010282257794	-0.004260570773523598	0.00007
WONB9_2	-1.4451461452679903	-0.44146511326069615	0	-0.0023348547320096724	-0.00461188673930385	0.00007
WONB9_3	-1.4798245060563853	-0.4721867060663542	0	-0.0021394939436147897	-0.005265293933645776	0.00007
WONB9_5	-1.4908932456747686	-0.3452997794263119	0	-0.0017347543252315134	-0.003584220573688124	0.00007
WONB9_B1	-1.4348006857357172	-0.36222641545916956	0	-0.002068314264282778	-0.003827584540830431	0.00007
WONB9_B4	-1.4574182204525146	-0.3143963887096536	0	-0.0017547795474854855	-0.0031396112903464	0.00007
WONB9_B15	-1.5084765529643855	-0.40667243240165035	0	-0.0019344470356144061	-0.004489567598349675	0.00007