44	0.7071540472979564	0.2655568297492318	0	0.001945952702043563	0.00009317025076821528	0.00042
45	-0.7211389023719533	0.27884357408389104	0	-0.0012610976280467145	-0.00234357408389102	0.00042
46	0.672770116844809	0.0556525007685421	0	0.0006298831551909689	-0.0007025007685420998	0.00042
47	-0.6820806740190354	0.06497157932912326	0	-0.0007693259809645747	-0.00302157932912326	0.00042
48	-0.5292416172244072	0.05113832874751181	0	-0.00048338277559278886	-0.004063328747511814	0.00042
WONB2	0.12141693212795215	1.1734213076061666	0	0.0017080678720478443	0.009655692393833348	0.00007
WONB3	-0.34948389989951095	-0.17784917104540035	0	-0.00027810010048906486	0.0001091710454003414	0.00007
WONB4	-0.9244210806623245	-0.8626681866411969	4.440892098500626e-16	-0.01010091933767543	-0.009628813358803057	0.0000699999999995559
WONB5	-1.9179192430320113	-0.18896517423214032	0	-0.03210375696798873	-0.0031428257678596805	0.00007
WONB6	1.5324445603402288	1.2738606435026494	-4.440892098500626e-16	0.02340043965977112	0.020690356497350626	0.00007000000000044408
WONB8	0.6275913200735093	1.1860768360427945	0	0.006791679926490768	0.01229916395720565	0.00007
WONB9	-0.32535576410686384	0.9760094600178331	0	-0.001428235893136176	0.006508539982166939	0.00007
WONB10	1.1480433722073433	1.067539326842489	4.440892098500626e-16	0.01462362779265658	0.013828673157511018	0.0000699999999995559
WONB11	1.6143742505328658	-0.548368917672236	0	0.020302749467134173	-0.007672082327764063	0.00007
WONB13	0.5044894623845948	0.9440875010566799	4.440892098500626e-16	0.00402553761540525	0.006592498943320035	0.0000699999999995559
WONB15	1.6169451398924506	0.8567452341366838	0	0.023271860107549447	0.012549765863316242	0.00007
WONB20	0.475195082643837	0.4328776110008604	0	0.00254391735616305	0.00023438899913957867	0.00007
WONB22	-1.719994631918367	-0.6911595229229226	0	-0.02881336808163293	-0.011411477077077348	0.00007
WONB25	-0.04805849183808165	-0.7156050914365509	0	0.000008491838081645109	-0.0019569085634491	0.00007
WONB27	-0.37445621872637475	0.6473445046148862	-4.440892098500626e-16	0.0005992187263747506	0.0018014953851137605	0.00007000000000044408
WONB28	-1.3343162001135866	1.243789196130331	0	-0.021040799886413275	0.01761480386966907	0.00007
WONB30	0.6067052965694885	-1.0489304038801441	0	0.004213703430511528	-0.00832459611985592	0.00007
WONB31	-0.6147989804326368	1.253071574328558	-4.440892098500626e-16	-0.006959019567363223	0.014535425671441837	0.00007000000000044408
WONB32	0.8126737884483626	0.6095066595358187	0	0.005065211551637416	0.003307340464181241	0.00007
WONB34	-1.5737055971347214	0.38103735467876476	0	-0.023441402865278738	0.005185645321235222	0.00007
WONB35	1.822742720948348	0.39955453297792	0	0.02601427905165199	0.005680467022080027	0.00007
WONB37	1.1059649134429468	0.20419224189140447	0	0.0074630865570533	0.0010317581085955152	0.00007
WONB38	-1.302576461186422	-0.03654922814320014	-4.440892098500626e-16	-0.015507538813578137	-0.0006457718567998566	0.00007000000000044408
WONB41	-1.8871226694578425	0.9755732177308454	0	-0.03139833054215746	0.014481782269154642	0.00007
WONB42	-0.8278560519908694	0.9028377858824391	0	-0.007657948009130555	0.008792214117560926	0.00007
WONB43	1.3154953944431433	0.5282676174512227	-4.440892098500626e-16	0.014028605556856588	0.005708382548777258	0.00007000000000044408
WONB45	1.9732254381731047	-0.1883819716831922	0	0.027745561826895138	-0.003078028316807785	0.00007
WONB46	0.9329712700641818	-0.4963117224255311	0	0.0047897299358181655	-0.0026292775744689023	0.00007
WONB47	-0.9730954489739665	0.46620787234536076	0	-0.007857551026033471	0.004002127654639254	0.00007
WONB48	-1.4525736535375258	0.7740032228136678	0	-0.02145334646247421	0.011020777186332209	0.00007
WONB49	-2.1326706303648137	0.5933257717609853	0	-0.035645369635186164	0.008786228239014648	0.00007
WONB10_1	1.1437368186754568	1.0301013059899862	0	0.014243181324543164	0.012977694010013918	0.00007
WONB10_2	1.1126710197650111	1.0534376109374777	0	0.014146980234988948	0.013660389062522427	0.00007
WONB10_3	1.0819958399189893	1.0767167014986803	0	0.013761160081010804	0.013629298501319775	0.00007
WONB10_5	1.182653278619578	1.0804089271656072	0	0.01540972138042207	0.014437072834392772	0.00007
WONB10_B1	1.1788994289367234	1.0436415444126015	0	0.01560957106327665	0.013954455587398495	0.00007
WONB10_B5	1.2232136828727824	1.0622435763782119	0	0.016254317127217588	0.014508423621788058	0.00007
WONB10_B8	1.2231891239399646	1.087694661065359	-4.440892098500626e-16	0.016367876060035425	0.014364338934640841	0.00007000000000044408
WONB11_1	1.5504342736131447	-0.47923799510273857	0	0.01823672638685525	-0.006071004897261423	0.00007
WONB11_2	1.6170833908428721	-0.49542251433540097	0	0.019771609157127834	-0.0063734856645990545	0.00007
WONB11_3	1.6837911203613087	-0.5120688870930116	0	0.022191879638691292	-0.006901112906988471	0.00007
WONB11_5	1.6111434107343792	-0.603452394716888	0	0.020072589265620833	-0.007920605283112003	0.00007
WONB11_B1	1.5476592253840944	-0.5313624239590161	0	0.018745774615905653	-0.006824576040983854	0.00007
WONB11_B5	1.546553134823075	-0.6050481495658633	0	0.019010865176924963	-0.008205850434136686	0.00007
WONB11_B9	1.6242493663320785	-0.6616052424526497	4.440892098500626e-16	0.021385633667921455	-0.009570757547350262	0.0000699999999995559
WONB13_1	0.4731300686026925	0.9071652387335258	0	0.003657931397307468	0.005400761266474152	0.00007
WONB13_2	0.45891428124613887	0.9361989413343951	-4.440892098500626e-16	0.003820718753861141	0.006031058665604938	0.00007000000000044408
WONB13_3	0.44492998869998035	0.9646516153709995	4.440892098500626e-16	0.0037410113000196366	0.0065283846290005165	0.0000699999999995559
WONB13_5	0.5499401392261122	0.9509952011945086	0	0.004458860773887796	0.006708798805491356	0.00007
WONB13_B1	0.5191596034627164	0.9155577388235496	0	0.00453639653728366	0.006093261176450371	0.00007
WONB13_B5	0.5786215034067013	0.9258454349413769	0	0.004767496593298781	0.006519565058623056	0.00007
WONB13_B11	0.5661484319021863	0.9767664805015206	0	0.004780568097813687	0.007099519498479423	0.00007
WONB15_1	1.6852157575955216	0.834629868590918	-4.440892098500626e-16	0.024549242404478422	0.012038131409081942	0.00007000000000044408
WONB15_2	1.6417692521783191	0.8261537243392721	0	0.023832747821680877	0.012137275660727864	0.00007
WONB15_3	1.59850380852299	0.8171108660642606	4.440892098500626e-16	0.022671191477010133	0.01213813393573937	0.0000699999999995559
WONB15_5	1.5914044245979229	0.885125949237629	0	0.022671575402077204	0.013340050762370992	0.00007
WONB15_B1	1.6601092121730925	0.8660511400281751	0	0.024752787826907596	0.012867859971824935	0.00007
WONB15_B5	1.6237722162753554	0.9030304082766138	0	0.02383878372464454	0.013667591723386163	0.00007
WONB15_B13	1.5483113923751328	0.8757206761755815	0	0.021406607624867124	0.013045323824418475	0.00007
WONB20_1	0.44156415127679566	0.4862880840003748	0	0.0026138487232043595	0.00008091599962517515	0.00007
WONB20_2	0.496827190608032	0.46841931007757065	0	0.002677809391967989	0.00046068992242936924	0.00007
WONB20_3	0.5528012306837132	0.45123711819215306	0	0.0031167693162867938	0.00044888180784691256	0.00007
WONB20_5	0.4529051557329589	0.3939685035617896	0	0.0023878442670410838	-0.0001055035617895661	0.00007
WONB20_B1	0.419360587283563	0.45077243617856555	0	0.0023914127164370025	0.0001295638214344752	0.00007
WONB20_B6	0.3945494015576183	0.38385889942448115	0	0.0021815984423816936	-0.00006289942448112207	0.00007
WONB20_B11	0.4834110620838096	0.3547419464200243	0	0.0024709379161904077	-0.000020946420024314794	0.00007
WONB21_B12	-2.277291170390742	0.13098251166755576	0	-0.037918829609258076	0.0010944883324442434	0.00007
WONB22_1	-1.721641216144968	-0.7749765948766123	0	-0.029010783855032196	-0.01366740512338771	0.00007
WONB22_2	-1.771461391602536	-0.7439102000007474	4.440892098500626e-16	-0.02936460839746413	-0.013238799999252593	0.0000699999999995559
WONB22_3	-1.820761005810174	-0.7134544126999866	-4.440892098500626e-16	-0.03060099418982598	-0.011701587300013472	0.00007000000000044408
WONB22_5	-1.6689082324513462	-0.6409613067648916	0	-0.027208767548653867	-0.010550693235108377	0.00007
WONB22_B1	-1.6712063199934735	-0.7211240790639667	-4.440892098500626e-16	-0.027220680006526443	-0.01188292093603327	0.00007000000000044408
WONB22_B6	-1.6000696042344689	-0.6324864961422633	4.440892098500626e-16	-0.025653395765531162	-0.010087503857736713	0.0000699999999995559
WONB22_B13	-1.7177405229431852	-0.6118196938138448	-4.440892098500626e-16	-0.027681477056814785	-0.00999730618615513	0.00007000000000044408
WONB25_1	-0.06873896853033917	-0.8015544325819206	-4.440892098500626e-16	-0.000055031469660821175	-0.003140567418079443	0.00007000000000044408
WONB25_2	-0.10565995373299045	-0.7500715376908934	4.440892098500626e-16	0.00003895373299044047	-0.0023874623091065805	0.0000699999999995559
WONB25_3	-0.1421418811878013	-0.6997386852292137	4.440892098500626e-16	0.0000928811878012914	-0.0021643147707863797	0.0000699999999995559
WONB25_5	0.009096830529317167	-0.6830403655730731	4.440892098500626e-16	0.0001571694706828334	-0.00159263442692692	0.0000699999999995559
WONB25_B1	-0.010609517137851486	-0.7659552910441589	4.440892098500626e-16	-0.0000554828621485131	-0.0024277089558411014	0.0000699999999995559
WONB25_B7	0.07671579188879402	-0.6825383135700738	0	0.000401208111205989	-0.0015426864299262766	0.00007
WONB25_B10	0.036627402240383654	-0.6300058800474186	0	0.00029759775961634566	-0.0011931199525813119	0.00007
WONB27_1	-0.3296681018644937	0.6052088981531009	0	0.0008671018644936801	0.00136910184689909	0.00007
WONB27_2	-0.3864021782449548	0.6099213763521125	0	0.0007181782449547924	0.0013716236478874544	0.00007
WONB27_3	-0.4429591132571725	0.6154587734460696	0	0.00024211325717249377	0.0017002265539304284	0.00007
WONB27_5	-0.36262415687117844	0.6840783990143631	0	0.0004171568711784368	0.00193060098563691	0.00007
WONB27_B1	-0.3182722756408497	0.642337887595567	0	0.0008182756408496861	0.001650112404433024	0.00007
WONB27_B7	-0.3233061566201093	0.7113213868754676	4.440892098500626e-16	0.0005331566201093318	0.002111613124532341	0.0000699999999995559
WONB27_B12	-0.4112681346416175	0.7016127268675293	0	0.000017134641617511104	0.002329273132470666	0.00007
WONB28_1	-1.3755171538637725	1.2110203062026625	0	-0.0220188461362274	0.01757969379733737	0.00007
WONB28_2	-1.3790214506739198	1.2354946942561589	0	-0.021743549326080247	0.017671305743841126	0.00007
WONB28_3	-1.3822166349143594	1.2595113831616636	0	-0.02146836508564065	0.017761616838336547	0.00007
WONB28_5	-1.2897156901406372	1.2507549070670323	4.440892098500626e-16	-0.02023330985936278	0.017890092932967727	0.0000699999999995559
WONB28_B1	-1.3309933587115939	1.2196449725442382	0	-0.021693641288406118	0.017883027455761757	0.00007
WONB28_B7	-1.2498031139506756	1.2423037132904646	0	-0.019878886049324418	0.01815928670953526	0.00007
WONB28_B13	-1.2935441132508516	1.274949993690355	0	-0.020029886749148407	0.018114006309644992	0.00007
WONB2_1	0.15675020690462507	1.1405492435087476	0	0.002033793095374936	0.009279756491252344	0.00007
WONB2_2	0.11234646665808856	1.1487226562979984	0	0.0017015333419114348	0.0091763437020016	0.00007
WONB2_3	0.06810578856067842	1.157080549127512	0	0.0009832114393215768	0.009253450872487967	0.00007
WONB2_5	0.13003243602147777	1.196344616508397	0	0.0018105639785222227	0.010494383491602921	0.00007
WONB2_B1	0.16547146112305855	1.1656590035102476	4.440892098500626e-16	0.001881538876941452	0.009472996489752417	0.0000699999999995559
WONB2_B4	0.1739562458577174	1.1888768395414229	0	0.0019787541422826016	0.010018160458577174	0.00007
WONB2_B8	0.14861904136878712	1.2170201867549497	0	0.0019359586312128751	0.010831813245050226	0.00007
WONB30_1	0.5377118636022669	-1.116326969534208	0	0.0040251363977331645	-0.009865030465792124	0.00007
WONB30_2	0.5339910105151924	-1.0478457977167697	0	0.003940989484807589	-0.008376202283230327	0.00007
WONB30_3	0.5306716494577532	-0.9806159288856412	-4.440892098500626e-16	0.0033773505422467487	-0.006677071114358779	0.00007000000000044408
WONB30_5	0.6788146634332672	-1.051753017630129	0	0.005529336566732712	-0.009526982369870929	0.00007
WONB30_B1	0.6110496531084699	-1.1176809574083124	4.440892098500626e-16	0.004827346891530082	-0.01036404259168755	0.0000699999999995559
WONB30_B7	0.7433596539427957	-1.0912585320378125	0	0.006025346057204284	-0.01040046796218741	0.00007
WONB30_B15	0.6259105313660464	-0.9860418431638731	0	0.0045644686339536555	-0.007226156836126929	0.00007
WONB31_3	-0.6721075675782295	1.2329825588102172	0	-0.007620432421770462	0.014338441189782669	0.00007
WONB31_5	-0.5987490757388901	1.2774782278484986	-4.440892098500626e-16	-0.006557924261109904	0.015061772151501396	0.00007000000000044408
WONB31_B1	-0.5739007655201335	1.2473706316879136	0	-0.0058332344798665	0.013914368312086367	0.00007
WONB32_1	0.83087364052384	0.561818804296925	0	0.004792359476159969	0.0028431957030750077	0.00007
WONB32_2	0.7859408716896862	0.5825540154345968	0	0.004656128310313812	0.002975984565403156	0.00007
WONB32_3	0.7413147883156569	0.6043958061394954	0	0.004588211684343091	0.0029891938605045576	0.00007
WONB32_5	0.839132299995979	0.6360712376138183	0	0.005735700004020905	0.0037797623861816065	0.00007
WONB32_B1	0.8575220829686138	0.5893047410377689	0	0.005380917031386212	0.003604258962231155	0.00007
WONB32_B8	0.8745617073234241	0.6572164414350258	0	0.006292292676575939	0.004331558564974247	0.00007
WONB32_B12	0.8062683949623929	0.6653075195910787	0	0.005355605037607125	0.0038624804089213427	0.00007
WONB34_1	-1.577490277383939	0.325980221138776	4.440892098500626e-16	-0.023300722616061087	0.00468277886122398	0.0000699999999995559
WONB34_2	-1.6152744840535245	0.3479256836702387	0	-0.024748515946475536	0.0050423163297613205	0.00007
WONB34_3	-1.6526869755447942	0.36903426022544783	0	-0.025773024455205906	0.005248739774552147	0.00007
WONB34_5	-1.5317056248890957	0.4125082355033264	-4.440892098500626e-16	-0.022295375110904292	0.005810764496673615	0.00007000000000044408
WONB34_B1	-1.5358352308598289	0.35959888803587436	0	-0.022518769140171147	0.004993111964125663	0.00007
WONB34_B8	-1.483105063081164	0.4380016807683489	0	-0.021196936918836062	0.005923319231651125	0.00007
WONB34_B14	-1.5810083712192722	0.4222680953208503	0	-0.023906628780727912	0.0060709046791497245	0.00007
WONB35_1	1.8361727398244296	0.3445952888873117	0	0.02609626017557032	0.0045617111126882715	0.00007
WONB35_2	1.790057478433092	0.3748203088059019	4.440892098500626e-16	0.024957521566908003	0.005035691194098135	0.0000699999999995559
WONB35_3	1.7443478732312259	0.405101882107914	0	0.024120126768774064	0.005420117892086018	0.00007
WONB35_5	1.853999137649912	0.4220256926632914	0	0.0261778623500879	0.005783307336708621	0.00007
WONB35_B1	1.868504739663202	0.3687889983466984	0	0.025964260336797995	0.004133001653301549	0.00007
WONB35_B8	1.89449153161004	0.4362386976516861	0	0.027186468389960083	0.006201302348313897	0.00007
WONB35_B15	1.7904194600192471	0.43564424474106933	0	0.025142539980752776	0.0061707552589306824	0.00007
WONB37_1	1.0505174965432904	0.2479220425253381	0	0.006962503456709568	0.0016439574746619223	0.00007
WONB37_3	1.1644558907060911	0.2290780408904146	0	0.008810109293908797	0.001427959109585375	0.00007
WONB37_5	1.1030270605684398	0.16433289813198315	0	0.007180939431560285	0.0007581018680168361	0.00007
WONB37_B1	1.0484539250090852	0.21351288155800738	0	0.0064920749909147535	0.00129411844199262	0.00007
WONB37_B9	1.1127116792528735	0.11975817614390283	-4.440892098500626e-16	0.007118320747126594	0.0004828238560971726	0.00007000000000044408
WONB37_B13	1.1614187027721978	0.15483383144081878	0	0.008299297227802205	0.0006271685591812126	0.00007
WONB38_1	-1.3846057621682426	-0.07284698627552097	0	-0.017442237831757357	-0.0014610137244790294	0.00007
WONB38_2	-1.3575733950704831	-0.02809754751335864	0	-0.01673360492951681	-0.0007424524866413602	0.00007
WONB38_3	-1.3310473572124653	0.015534079767856271	0	-0.01600064278753477	-0.00015107976785627003	0.00007
WONB38_5	-1.2468736816719397	-0.04685883397561169	0	-0.013858318328060282	-0.0007011660243883069	0.00007
WONB38_B1	-1.329371981522671	-0.08155205696110145	0	-0.01632701847732898	-0.0012299430388985483	0.00007
WONB38_B9	-1.186327343739453	-0.04742788269180738	0	-0.01232865626054691	-0.0005961173081926174	0.00007
WONB38_B14	-1.2409828297975152	-0.0014328991330310372	0	-0.013814170202484766	0.00006889913303103723	0.00007
WONB3_1	-0.3892086573452802	-0.11985314675871898	0	-0.00033934265471979863	0.0001531467587189833	0.00007
WONB3_2	-0.3307285922843978	-0.13179655679846464	0	-0.00006240771560217517	0.00023955679846462963	0.00007
WONB3_3	-0.27215767799029394	-0.1451593779250657	0	-0.000037322009706075576	0.0003693779250656948	0.00007
WONB3_5	-0.368752597224757	-0.22509223653497118	0	-0.0002474027752429886	-0.000012763465028819976	0.00007
WONB3_B1	-0.40848989854010936	-0.1650341030074788	0	-0.00042210145989063363	0.00011710300747880265	0.00007
WONB3_B4	-0.42820697059918617	-0.21143333288877253	0	-0.0004880294008138275	0.0000033328887725225798	0.00007
WONB3_B9	-0.37414034978823263	-0.275531441842068	0	-0.00042565021176738105	0.00008944184206799433	0.00007
WONB41_1	-1.9579524850967884	0.9616334612355224	0	-0.03139951490321158	0.012581538764477651	0.00007
WONB41_2	-1.9256079113593303	0.9870501580336476	0	-0.031594088640669815	0.014035841966352325	0.00007
WONB41_3	-1.8941025472973219	1.013004773005573	0	-0.03090745270267825	0.014456226994427057	0.00007
WONB41_5	-1.8476681419067613	0.9636621419320895	0	-0.030391858093238744	0.014245858067910455	0.00007
WONB41_B1	-1.9187529652727047	0.9493719027571589	0	-0.03203403472729538	0.013922097242841103	0.00007
WONB41_B10	-1.797965170465104	0.9675716210938067	4.440892098500626e-16	-0.02994782953489583	0.014702378906193303	0.0000699999999995559
WONB41_B14	-1.8312851328037696	0.9932596197941445	0	-0.030510867196230418	0.01490738020585558	0.00007
WONB42_1	-0.8303648394711536	0.8592920409237302	0	-0.007413160528846441	0.008131959076269735	0.00007
WONB42_2	-0.8633932401526787	0.8770593935118056	0	-0.00843275984732128	0.00867660648819435	0.00007
WONB42_3	-0.8962154128175542	0.8948503116724418	0	-0.00924258718244575	0.00894968832755827	0.00007
WONB42_5	-0.7926461054794529	0.9268794438096709	4.440892098500626e-16	-0.007028894520547113	0.008855556190329072	0.0000699999999995559
WONB42_B1	-0.7951378472385843	0.8853225822804098	0	-0.007018152761415708	0.008424417719590127	0.00007
WONB42_B10	-0.7803436171601763	0.9551113874208561	0	-0.007498382839823736	0.00939361257914384	0.00007
WONB42_B15	-0.8473514167137758	0.927474313172835	0	-0.008441583286224241	0.009613686827165013	0.00007
WONB43_1	1.3765180753270276	0.4876657817875587	4.440892098500626e-16	0.015120924672972436	0.005378218212441277	0.0000699999999995559
WONB43_2	1.323722309971503	0.490379068277933	0	0.013705690028497086	0.0049009317220670146	0.00007
WONB43_3	1.2705621821123576	0.49286079720888976	0	0.012755817887642351	0.004853202791110234	0.00007
WONB43_5	1.30682691485557	0.5638129852671958	4.440892098500626e-16	0.01401608514442998	0.006024014732804228	0.0000699999999995559
WONB43_B1	1.3683884807655986	0.5261886676267615	0	0.015036519234401302	0.0058173323732384485	0.00007
WONB43_B11	1.260841754653472	0.5870746406298333	0	0.012863245346528052	0.0061273593701667295	0.00007
WONB43_B14	1.2601116298958193	0.553983703582753	0	0.012863370104180705	0.00596429641724705	0.00007
WONB45_1	1.89204093899985	-0.2012442321050504	0	0.02612806100014997	-0.003123767894949586	0.00007
WONB45_2	1.9116263437875491	-0.16130401847859815	0	0.027135656212450954	-0.0024759815214018543	0.00007
WONB45_3	1.930936737197663	-0.1215262864297496	4.440892098500626e-16	0.027598262802337015	-0.0020707135702504043	0.0000699999999995559
WONB45_5	2.034626283734034	-0.21672525390847375	0	0.03041071626596592	-0.0037957460915262475	0.00007
WONB45_B1	1.9546326885383947	-0.2279946578904906	0	0.028082311461605336	-0.0038743421095094044	0.00007
WONB45_B12	2.072262489721918	-0.18746935332793807	0	0.030318510278081856	-0.0031186466720619366	0.00007
WONB45_B15	2.01106898842501	-0.1594419883761835	0	0.029778011574989716	-0.002529011623816496	0.00007
WONB46_1	0.8849231722984732	-0.5600049271474864	0	0.00448182770152683	-0.0025300728525136096	0.00007
WONB46_2	0.86876227068415	-0.5042827442398656	0	0.003912729315849961	-0.002349255760134339	0.00007
WONB46_3	0.8524425077751733	-0.449313605195907	0	0.003594492224826773	-0.0017803948040929773	0.00007
WONB46_5	0.9968599953257373	-0.49063086758401087	0	0.005645004674262655	-0.0029001324159891317	0.00007
WONB46_B2	0.9701644385221136	-0.5465023125429056	0	0.005649561477886311	-0.0032946874570943807	0.00007
WONB46_B5	1.0342891330862778	-0.5409537661218764	0	0.006719866913722283	-0.0034832338781235483	0.00007
WONB46_B8	1.0630483487911755	-0.49740147588226946	0	0.006674651208824489	-0.0035705241177305114	0.00007
WONB47_1	-0.9638598661812618	0.41395759844853053	0	-0.0077141338187382	0.003335401551469497	0.00007
WONB47_2	-1.0068073633930061	0.4322695325898186	0	-0.008521636606993788	0.0038394674101814297	0.00007
WONB47_3	-1.0495939427422152	0.45093008709776583	0	-0.00950705725778489	0.004361912902234144	0.00007
WONB47_5	-0.9394225682606065	0.4981273017363673	-4.440892098500626e-16	-0.007181431739393451	0.004229698263632731	0.00007000000000044408
WONB47_B2	-0.9218247775732024	0.46003153828560994	0	-0.006520222426797617	0.0035334617143900626	0.00007
WONB47_B5	-0.8882664953035619	0.4919940860738068	4.440892098500626e-16	-0.005830504696438088	0.003635913926193224	0.0000699999999995559
WONB47_B9	-0.9167110760309062	0.5329979025250581	0	-0.0068449239690938635	0.004301097474941895	0.00007
WONB48_1	-1.4364539635534397	0.7325389074641286	4.440892098500626e-16	-0.02099003644656028	0.010306092535871336	0.0000699999999995559
WONB48_2	-1.4796649101184043	0.742294199234202	0	-0.0222530898815958	0.01078380076579799	0.00007
WONB48_3	-1.5228136691851946	0.7524326635701923	4.440892098500626e-16	-0.023369330814805522	0.011028336429807606	0.0000699999999995559
WONB48_5	-1.4249798979900519	0.8028944296343469	0	-0.02083610200994812	0.011341570365653086	0.00007
WONB48_B2	-1.402841083146153	0.7740995778193807	0	-0.020489916853846823	0.01092842218061929	0.00007
WONB48_B5	-1.3755575580510513	0.8026120452754876	4.440892098500626e-16	-0.019420441948948763	0.01091295472451248	0.0000699999999995559
WONB48_B10	-1.4246678884711557	0.8322741268299926	0	-0.021478111528844268	0.011734873170007432	0.00007
WONB49_1	-2.1925636322185724	0.6108598817099584	0	-0.03608336778142762	0.008942118290041545	0.00007
WONB49_2	-2.137168856421527	0.6241712355567897	4.440892098500626e-16	-0.0356821435784731	0.009359764443210294	0.0000699999999995559
WONB49_3	-2.0819729500428967	0.6377014636138129	0	-0.03423404995710344	0.009688536386187163	0.00007
WONB49_5	-2.1275915757400674	0.5601911559689793	0	-0.03566942425993247	0.008380844031020684	0.00007
WONB49_B2	-2.1838783275267875	0.5698397427892515	0	-0.03614367247321271	0.008277257210748457	0.00007
WONB49_B5	-2.178843438009501	0.5358007808311525	4.440892098500626e-16	-0.035856561990498914	0.007578219168847489	0.0000699999999995559
WONB49_B11	-2.080014179723517	0.5499603535315507	0	-0.03511382027648269	0.008452646468449343	0.00007
WONB4_1	-0.9379003502917745	-0.9552217742367192	0	-0.010671649708225428	-0.011930225763280844	0.00007
WONB4_2	-0.9811073503654748	-0.9105661006048662	4.440892098500626e-16	-0.011284649634525246	-0.011014899395133781	0.0000699999999995559
WONB4_3	-1.0237120439681853	-0.8667670594381116	-4.440892098500626e-16	-0.012093956031814734	-0.010839940561888417	0.00007000000000044408
WONB4_5	-0.868211530767315	-0.8162759274544458	0	-0.008386469232684934	-0.008259072545554247	0.00007
WONB4_B1	-0.8812362729927155	-0.9059357911552945	-4.440892098500626e-16	-0.009434727007284538	-0.010293208844705415	0.00007000000000044408
WONB4_B4	-0.8248975235368255	-0.8587480536433748	0	-0.007883476463174444	-0.008595946356625195	0.00007
WONB4_B10	-0.8441701185037435	-0.7553619892402464	0	-0.007529881496256552	-0.006988010759753527	0.00007
WONB5_1	-1.9624539923386117	-0.14233916783303568	0	-0.032700007661388364	-0.002626832166964327	0.00007
WONB5_2	-1.900359790517617	-0.14063632338945853	0	-0.031238209482382873	-0.002067676610541469	0.00007
WONB5_3	-1.8386139255754792	-0.13963849250416438	0	-0.029822074424520784	-0.0025065074958356137	0.00007
WONB5_5	-1.9357251209524269	-0.2384400250488816	0	-0.032860879047573066	-0.0043109749511184015	0.00007
WONB5_B1	-1.9805832004398418	-0.19020670054969835	0	-0.03315979956015802	-0.003118299450301648	0.00007
WONB5_B4	-1.9988605888036837	-0.23948141062326764	0	-0.034241411196316296	-0.0044765893767323706	0.00007
WONB5_B11	-1.897273572557938	-0.2683713510862442	0	-0.032089427442062	-0.004650648913755773	0.00007
WONB6_2	1.5470321419718152	1.2490749518769608	-4.440892098500626e-16	0.024180858028184815	0.02070104812303919	0.00007000000000044408
WONB6_3	1.5042298881442773	1.244923088732	0	0.022147111855722823	0.019801911268000127	0.00007
WONB6_B1	1.5751944646791578	1.2785048822654226	0	0.023993535320842252	0.020407117734577485	0.00007
WONB8_1	0.6013073480341009	1.153260145131686	-4.440892098500626e-16	0.006244651965899073	0.011403854868313967	0.00007000000000044408
WONB8_2	0.5853883996612762	1.1770389832811312	4.440892098500626e-16	0.006298600338723759	0.012038016718868727	0.0000699999999995559
WONB8_3	0.5698800550679145	1.200030654750331	0	0.006007944932085452	0.012071345249669019	0.00007
WONB8_5	0.6692754672151372	1.1927319675621704	-4.440892098500626e-16	0.007311532784862851	0.013272032437829706	0.00007000000000044408
WONB8_B1	0.6435667048473525	1.163669797381937	0	0.00690829515264757	0.011994202618063055	0.00007
WONB8_B4	0.6857433616899409	1.1716446561823106	0	0.007769638310059168	0.012569343817689482	0.00007
WONB8_B14	0.6407324725799745	1.2105296896588211	0	0.007121527420025586	0.013127310341178866	0.00007
WONB9_1	-0.34110917919102407	0.9343978191794485	4.440892098500626e-16	-0.0015558208089759273	0.005960180820551497	0.0000699999999995559
WONB9_2	-0.3661161271734739	0.9595561613809394	0	-0.0017838728265260895	0.006453838619060681	0.00007
WONB9_3	-0.39096651171231017	0.9849916825434687	4.440892098500626e-16	-0.0021614882876898056	0.006916317456531318	0.0000699999999995559
WONB9_5	-0.2847258750784069	0.9916634533284637	4.440892098500626e-16	-0.0007831249215931035	0.006550546671536317	0.0000699999999995559
WONB9_B1	-0.3000996804371826	0.9513770613567861	0	-0.0010483195628174236	0.006076938643213903	0.00007
WONB9_B4	-0.2595897365453786	0.9672207063336986	4.440892098500626e-16	-0.0007062634546214364	0.0062292936663014276	0.0000699999999995559
WONB9_B15	-0.3356246935751438	1.005068521568516	0	-0.0015033064248561878	0.007239478431483981	0.00007