44	-0.3898885759748691	0.23114051637794628	0	-0.00001142402513093499	0.004059483622053717	0.00042
45	-1.291836511820176	-0.5223823557733183	0	-0.02136348817982392	-0.0012176442266816911	0.00042
46	-0.1925893503664749	0.21064907890590884	0	0.0007893503664749002	0.003550921094091164	0.00042
47	-1.0689942637151826	-0.49979429040688717	-4.440892098500626e-16	-0.016005736284817385	-0.012605709593112802	0.0004200000000004441
48	-0.9742916295811601	-0.44088657280598886	0	-0.006408370418839904	-0.009913427194011115	0.00042
WONB1	2.0194861652899934	-0.3574998226226902	-4.440892098500626e-16	0.034327834710006666	-0.006355177377309784	0.00007000000000044408
WONB3	-0.7471181827191669	-0.5964259835045105	0	-0.004419817280833183	-0.0025840164954895606	0.00007
WONB5	-1.5431471266030194	-1.2197505434809093	0	-0.025824873396980585	-0.01834345651909075	0.00007
WONB7	-2.0914021914073557	0.8689533441858273	0	-0.03404980859264439	0.012922655814172734	0.00007
WONB9	-1.4402696956972305	0.7294009343498234	4.440892098500626e-16	-0.021060304302769506	0.009529065650176527	0.0000699999999995559
WONB11	0.8689761168515036	0.03449171179740424	0	0.004313883148496456	0.0005502882025957556	0.00007
WONB14	-1.9612786351328033	0.2812051022879173	4.440892098500626e-16	-0.03166836486719671	0.00486189771208273	0.0000699999999995559
WONB20	-0.6560415468492089	0.290646434495771	0	-0.0025184531507911334	0.001972565504229029	0.00007
WONB24	1.5862312447927613	-0.8837599040550012	0	0.02410475520723865	-0.011876095944998832	0.00007
WONB25	-0.2949849695189272	-0.9827213392395412	0	-0.0027940304810727956	-0.005345660760458837	0.00007
WONB27	-1.3228488927351973	0.061096480270016434	0	-0.015385107264802578	0.00233751972998357	0.00007
WONB28	-2.1698510292902164	0.44020957289363716	0	-0.03513697070978372	0.006996427106362835	0.00007
WONB30	0.2840783235038084	-1.025500786926636	4.440892098500626e-16	0.0009576764961916062	-0.006025213073364011	0.0000699999999995559
WONB31	-1.8081684396253357	0.9013233797431685	0	-0.02972456037466431	0.013396620256831526	0.00007
WONB32	-0.40537265941787837	1.063997560128799	0	-0.004522340582121642	0.007037439871200979	0.00007
WONB34	-1.7096181794556948	-0.5908489674864708	0	-0.02616082054430513	-0.0068360325135292666	0.00007
WONB37	0.06448458431189245	0.6894256686082592	0	-0.00048158431189244955	0.0011843313917407894	0.00007
WONB38	-1.3393270851434442	-0.866886045233359	0	-0.01885691485655583	-0.010758954766641016	0.00007
WONB41	-2.2337690255725677	-0.15934872037683825	0	-0.03435297442743224	-0.0005082796231617448	0.00007
WONB42	-1.674507811110313	0.32338962311723773	0	-0.02386218888968683	0.00500737688276226	0.00007
WONB45	1.056965442570288	0.7792783820166017	0	0.009813557429712016	0.0070066179833983	0.00007
WONB46	0.2798222209702693	-0.2978610484230164	-4.440892098500626e-16	0.0005717790297306569	0.0006720484230164359	0.00007000000000044408
WONB47	-1.4664015943072721	-0.23638271089453589	0	-0.018891405692727847	-0.0015602891054641022	0.00007
WONB48	-1.8996973182482424	-0.14486303256855995	0	-0.028835681751757658	-0.0013509674314400588	0.00007
WONB49	-2.089897104926973	-0.6383531203678268	-4.440892098500626e-16	-0.033619895073027095	-0.008177879632173202	0.00007000000000044408
WONB11_1	0.7828643141952115	0.08293058349241945	-4.440892098500626e-16	0.0032516858047885178	0.0007914165075805502	0.00007000000000044408
WONB11_2	0.8493830234060478	0.10421911309880062	-4.440892098500626e-16	0.004029976593952211	0.0010448869011993739	0.00007000000000044408
WONB11_3	0.9173432506821241	0.12603977788477663	4.440892098500626e-16	0.0050797493178759145	0.00125622211522336	0.0000699999999995559
WONB11_5	0.8892436108506566	-0.03610037385510445	0	0.004901389149343349	0.0006803738551044505	0.00007
WONB11_B1	0.8018649837743076	0.013604550787592498	4.440892098500626e-16	0.003436016225692451	0.0005144492124075015	0.0000699999999995559
WONB11_B5	0.832257989441663	-0.07790299241695268	0	0.0039780105583370196	0.00022899241695267802	0.00007
WONB11_B9	0.9250729375818221	-0.09951597098714815	0	0.005224062418177966	-0.00003902901285185445	0.00007
WONB13_1	-0.8569303844027337	1.2412488831151607	0	-0.012365615597266233	0.013598116884839362	0.00007
WONB13_2	-0.8874501554771945	1.2730000548107052	0	-0.013365844522805426	0.014451945189294824	0.00007
WONB13_B1	-0.8295001166736363	1.2893546182536741	0	-0.013011883326363716	0.01271838174632589	0.00007
WONB14_1	-1.939533029612646	0.22488897820199533	0	-0.030044970387353986	0.0016750217980046611	0.00007
WONB14_2	-1.9662350285826156	0.23694041585183198	-4.440892098500626e-16	-0.031380971417384496	0.004297584148168027	0.00007000000000044408
WONB14_3	-1.9915075751956182	0.24877179669287555	4.440892098500626e-16	-0.03213842480438167	0.004167203307124473	0.0000699999999995559
WONB14_5	-1.9524115227624925	0.325391615046002	0	-0.030202477237507575	0.005295384953998006	0.00007
WONB14_B5	-1.924731120474821	0.3290256017187745	-4.440892098500626e-16	-0.029788879525179057	0.004818398281225489	0.00007000000000044408
WONB14_B12	-1.9748584113887184	0.35043269191573645	0	-0.03240458861128159	0.004797308084263541	0.00007
WONB1_1	1.8950447605907663	-0.388767283769342	4.440892098500626e-16	0.030490239409233677	-0.006872716230657994	0.0000699999999995559
WONB1_2	1.9369517052838074	-0.31651484106868966	0	0.031923294716192485	-0.005635158931310336	0.00007
WONB1_3	1.978964249118905	-0.24308445021109976	0	0.03303275088109503	-0.004036549788900251	0.00007
WONB1_5	2.1039561422913775	-0.3993387429375381	0	0.03616185770862268	-0.007040257062461863	0.00007
WONB1_B1	1.9773282041329412	-0.430901104356584	0	0.03355779586705898	-0.007935895643415958	0.00007
WONB1_B4	2.061052032123038	-0.4726905421557429	4.440892098500626e-16	0.03560996787696169	-0.008579457844257066	0.0000699999999995559
WONB1_B7	2.149345203099073	-0.4736950423345341	0	0.04210079690092705	-0.01042995766546595	0.00007
WONB20_1	-0.7098113188809547	0.34260538312863	0	-0.003263681119045292	0.0021726168713699923	0.00007
WONB20_2	-0.6608893770743667	0.3539743435188155	0	-0.002806622925633273	0.001945656481184499	0.00007
WONB20_3	-0.6117699557736587	0.3660041958916457	0	-0.0022170442263412804	0.002060804108354297	0.00007
WONB20_5	-0.6485893970791821	0.22661483532031182	0	-0.0021576029208179026	0.0017301646796881731	0.00007
WONB20_B1	-0.7049836213467882	0.2794226834235437	0	-0.0029523786532118512	0.0021403165764563026	0.00007
WONB20_B6	-0.6824215163219263	0.17877929639746895	0	-0.0023764836780737486	0.0017077036025310577	0.00007
WONB20_B11	-0.6047023922969323	0.19507544726633966	0	-0.0016646077030676443	0.001938552733660337	0.00007
WONB21_1	-1.9284514423210708	-1.1971837966193555	0	-0.03214455767892921	-0.01755820338064451	0.00007
WONB21_B6	-1.8539095150687828	-1.1701730037698836	0	-0.031433484931217226	-0.01919899623011645	0.00007
WONB24_1	1.6694704937349136	-0.9755974843095607	0	0.026973506265086433	-0.014880515690439244	0.00007
WONB24_2	1.5830848676026512	-0.9624996402912402	0	0.024461132397348706	-0.013343359708759772	0.00007
WONB24_3	1.4999484184374663	-0.9491537614581187	0	0.022525581562533814	-0.012744238541881336	0.00007
WONB24_5	1.5899909481484353	-0.8031945985577967	4.440892098500626e-16	0.023684051851564636	-0.01304640144220326	0.0000699999999995559
WONB24_B1	1.67233399394059	-0.8944898494263299	0	0.02617800605941012	-0.01300615057367005	0.00007
WONB24_B6	1.6593789003063277	-0.7611873276174121	0	0.02542409969367232	-0.011385672382587808	0.00007
WONB24_B15	1.5084650785202591	-0.8462820803501745	-4.440892098500626e-16	0.021458921479740933	-0.012217919649825548	0.00007000000000044408
WONB25_1	-0.2670450183240513	-1.0680084219458958	0	-0.0030819816759486973	-0.007507578054104069	0.00007
WONB25_2	-0.31381604580498845	-1.0362795496220132	0	-0.003382954195011556	-0.006797450377986847	0.00007
WONB25_3	-0.3597362140719154	-1.0048071426267609	0	-0.00328878592808457	-0.00621085737323912	0.00007
WONB25_5	-0.2742865338542964	-0.9280779106025834	0	-0.002203466145703603	-0.004539089397416651	0.00007
WONB25_B1	-0.24825164474113315	-1.0141258509613111	0	-0.0028873552588668527	-0.006335149038688925	0.00007
WONB25_B7	-0.23126731831664615	-0.8981605413830295	0	-0.0012946816833538377	-0.0036484586169704958	0.00007
WONB25_B10	-0.28161742478237156	-0.8652487532826874	0	-0.0021875752176284124	-0.0038082467173126133	0.00007
WONB27_1	-1.271024997626979	0.03418623962695416	0	-0.013827002373021147	0.0016497603730458374	0.00007
WONB27_2	-1.3065082071746907	0.009145481946103533	-4.440892098500626e-16	-0.014794792825309155	0.0017755180538964674	0.00007000000000044408
WONB27_3	-1.3423299168743348	-0.015489510201628393	0	-0.015565083125665291	0.001136510201628393	0.00007
WONB27_5	-1.338987285330194	0.11284586224518448	4.440892098500626e-16	-0.01569771466980585	0.0024691377548155258	0.0000699999999995559
WONB27_B1	-1.2872137911303894	0.08640653872359937	0	-0.014269208869610583	0.0023594612764006317	0.00007
WONB27_B7	-1.3331155095066396	0.16990725378856242	0	-0.015729490493360476	0.003295746211437578	0.00007
WONB27_B12	-1.3783361079180394	0.10578989397779355	0	-0.016479892081960656	0.002625106022206447	0.00007
WONB28_1	-2.1651076354881846	0.379124155187621	0	-0.035467364511815536	0.006170844812379006	0.00007
WONB28_2	-2.1846347048619306	0.40564350392104076	-4.440892098500626e-16	-0.03604629513806934	0.006706496078959234	0.00007000000000044408
WONB28_3	-2.2037908232132764	0.43188474482316197	0	-0.035458176786723694	0.0065022551768380565	0.00007
WONB28_B1	-2.150563355522125	0.413796330254934	-4.440892098500626e-16	-0.03397064447787512	0.00635666974506599	0.00007000000000044408
WONB28_B7	-2.1276456758675213	0.49034946059922313	0	-0.03444832413247889	0.007660539400776878	0.00007
WONB28_B13	-2.173298046718436	0.501600484502197	0	-0.03543895328156399	0.007473515497803063	0.00007
WONB2_3	-1.3202584259092625	1.2780149962834204	0	-0.02153957409073759	0.01595600371657957	0.00007
WONB30_1	0.26516450330169544	-1.1153094928309448	0	0.0003274966983045635	-0.008322507169055138	0.00007
WONB30_2	0.23401540157569492	-1.0530107695100868	4.440892098500626e-16	0.00014759842430508985	-0.0068772304899131775	0.0000699999999995559
WONB30_3	0.20339521406814637	-0.9904846670644778	0	0.0004277859318536359	-0.005781332935522188	0.00007
WONB30_5	0.3364619699458853	-0.9968189146617682	-4.440892098500626e-16	0.0014840300541147378	-0.006299085338231758	0.00007000000000044408
WONB30_B1	0.3158351370678678	-1.088015341498349	0	0.0015678629321321802	-0.007873658501650782	0.00007
WONB30_B7	0.3993439918111835	-1.006077308207647	0	0.0021880081888164815	-0.006543691792352924	0.00007
WONB30_B15	0.27110057951241345	-0.9571725904224232	0	0.0007964204875865466	-0.00551640957757682	0.00007
WONB31_1	-1.7712008522782439	0.8775631431335358	0	-0.028338147721756135	0.013136856866464264	0.00007
WONB31_2	-1.7983538354175108	0.8577951088708416	0	-0.028751164582489164	0.01275189112915831	0.00007
WONB31_3	-1.82423355422592	0.8379950485874548	-4.440892098500626e-16	-0.03005344577407998	0.012272951412545252	0.00007000000000044408
WONB31_5	-1.817670000949019	0.9448435288573637	0	-0.030373999050981038	0.013797471142636297	0.00007
WONB31_B1	-1.7811542188058813	0.9213571347090415	0	-0.02820678119411868	0.011573865290958496	0.00007
WONB31_B8	-1.8204058673597445	0.9914074035492723	0	-0.029660132640255465	0.01472859645072766	0.00007
WONB31_B11	-1.8438421662660283	0.9557904761997774	0	-0.029950833733971782	0.01431352380022255	0.00007
WONB32_1	-0.3620292593005092	1.006491910171104	0	-0.0038907406994908023	0.005487089828895897	0.00007
WONB32_2	-0.4097261829343583	1.0033027479923589	0	-0.004475817065641707	0.0060212520076412535	0.00007
WONB32_3	-0.45821116031813397	1.0003757321320752	0	-0.004798839681866007	0.006648267867924718	0.00007
WONB32_5	-0.400841027839662	1.125009322824181	0	-0.005518972160337976	0.007972677175818843	0.00007
WONB32_B1	-0.35779819247610795	1.0678884336180627	0	-0.004509807523892073	0.00668556638193718	0.00007
WONB32_B8	-0.38583961191553984	1.1853869270935093	0	-0.00561538808446016	0.009203072906490695	0.00007
WONB32_B12	-0.44567277888253115	1.14157827401568	0	-0.005880221117468831	0.008745725984319996	0.00007
WONB33_B13	-1.0964827470876912	0.6277927903245404	0	-0.012242252912308738	0.006166209675459666	0.00007
WONB34_2	-1.7087907866102499	-0.6385460422444684	-4.440892098500626e-16	-0.025584213389750143	-0.008138957755531528	0.00007000000000044408
WONB34_3	-1.7386167210204329	-0.6342801506627513	4.440892098500626e-16	-0.026789278979567177	-0.007912849337248673	0.0000699999999995559
WONB34_5	-1.708890344630275	-0.5426629913874144	4.440892098500626e-16	-0.02464065536972493	-0.006085008612585652	0.0000699999999995559
WONB34_B8	-1.7013472575944346	-0.49655014295721145	4.440892098500626e-16	-0.0248397424055653	-0.005234857042788588	0.0000699999999995559
WONB34_B14	-1.7380035370954314	-0.5550770123193094	-4.440892098500626e-16	-0.02678046290456848	-0.006867987680690635	0.00007000000000044408
WONB37_1	-0.002381720237217645	0.718096787198001	0	-0.0012162797627823549	0.0015702128019989825	0.00007
WONB37_2	0.049865820465116936	0.7462515623726004	0	-0.0005558204651169366	0.001599437627399669	0.00007
WONB37_3	0.10307202482154808	0.7751301402401057	0	-0.0005190248215480725	0.0016688597598942811	0.00007
WONB37_5	0.08318239852160136	0.6305356445502447	0	-0.00019939852160136273	0.0008723554497552799	0.00007
WONB37_B1	0.011968626297974475	0.66125898383323	4.440892098500626e-16	-0.0005106262979744751	0.0010840161667700077	0.0000699999999995559
WONB37_B9	0.11621670646781293	0.5785221148567786	0	-0.0001387064678129296	0.0005708851432213446	0.00007
WONB37_B13	0.13691895748398492	0.658841995215772	0	-0.0003119574839849093	0.00135400478422798	0.00007
WONB38_1	-1.3590435413346897	-0.929946163377751	4.440892098500626e-16	-0.020180458665310264	-0.011801836622248985	0.0000699999999995559
WONB38_2	-1.370420891828664	-0.8793427033599608	0	-0.019298108171335926	-0.010415296640039262	0.00007
WONB38_3	-1.381472306912641	-0.8289059688426379	0	-0.019577693087359016	-0.009469031157362084	0.00007
WONB38_5	-1.3059395101572553	-0.85386523515357	0	-0.017709489842744786	-0.00944176484643	0.00007
WONB38_B1	-1.3278591847801666	-0.9178897107520106	0	-0.01877681521983332	-0.011263289247989361	0.00007
WONB38_B14	-1.3281909691089833	-0.8102546522139926	0	-0.017753030891016763	-0.009552347786007331	0.00007
WONB3_1	-0.8012634368997121	-0.5555445843620804	0	-0.0051585631002878385	-0.0026914156379195253	0.00007
WONB3_2	-0.7602679087107356	-0.5406670373057755	0	-0.004276091289264428	-0.0020429626942245482	0.00007
WONB3_3	-0.7174141610507818	-0.5253431433771462	0	-0.0037858389492181344	-0.0015838566228538742	0.00007
WONB3_5	-0.7337633898325162	-0.6526403957081359	0	-0.004947610167483796	-0.0029076042918640965	0.00007
WONB3_B1	-0.7890175415147455	-0.6112464284013289	4.440892098500626e-16	-0.005363458485254546	-0.002914571598671034	0.0000699999999995559
WONB3_B4	-0.7763311059835213	-0.6669870761147556	0	-0.005560894016478746	-0.0032029238852443465	0.00007
WONB3_B9	-0.710466919915345	-0.7042901492380998	0	-0.004621080084654894	-0.003214850761900201	0.00007
WONB41_1	-2.255024995816707	-0.20870498582719182	0	-0.036240004183293095	-0.002110014172808178	0.00007
WONB41_2	-2.258291108320091	-0.1669271950883046	0	-0.03649389167990913	-0.0017928049116954226	0.00007
WONB41_B1	-2.229855782792843	-0.20192224475988876	0	-0.03571021720715706	-0.0020427552401112437	0.00007
WONB41_B10	-2.189033914619217	-0.12230676398429927	0	-0.03464308538078287	-0.0005962360157007324	0.00007
WONB41_B14	-2.2215976153418415	-0.11393678712668391	0	-0.03543638465815846	-0.0010042128733160904	0.00007
WONB42_1	-1.6459589827433165	0.27148798322370826	-4.440892098500626e-16	-0.023559017256683523	0.004534016776291727	0.00007000000000044408
WONB42_2	-1.6752534548263525	0.274667906050831	-4.440892098500626e-16	-0.024475545173647584	0.00453909394916896	0.00007000000000044408
WONB42_3	-1.704458109091139	0.2777161860284294	4.440892098500626e-16	-0.025234890908860885	0.004807813971570596	0.0000699999999995559
WONB42_5	-1.6722767673292855	0.3720232746689015	0	-0.02476423267071448	0.0059267253310985035	0.00007
WONB42_B1	-1.64540231855677	0.3202104788171052	-4.440892098500626e-16	-0.02384568144322996	0.005876521182894834	0.00007000000000044408
WONB42_B10	-1.6847959704214934	0.4144609832695323	0	-0.024655029578506626	0.0060690167304677245	0.00007
WONB42_B15	-1.7016701726192656	0.3417710154129021	0	-0.025881827380734412	0.005270984587097904	0.00007
WONB43_3	0.045146935954172414	1.2533021948525749	0	-0.001989935954172413	0.009342805147425137	0.00007
WONB45_1	0.9818852351019942	0.6986583186372788	4.440892098500626e-16	0.0073987648980058385	0.00567568136272123	0.0000699999999995559
WONB45_2	0.9838997343966424	0.7730735709342142	0	0.008203265603357601	0.006440429065785791	0.00007
WONB45_3	0.9852698508270992	0.8472652536001946	0	0.008867149172900879	0.007699746399805418	0.00007
WONB45_5	1.131802280969078	0.785220242329039	0	0.011899719030922018	0.00821875767096103	0.00007
WONB45_B1	1.0546240708856678	0.7045692279516429	0	0.009046929114332247	0.006187772048357076	0.00007
WONB45_B12	1.157968095012449	0.8589247518311736	0	0.0127639049875512	0.00910424816882649	0.00007
WONB45_B15	1.0825734505204698	0.8520803076272703	0	0.010988549479530096	0.00854569237272973	0.00007
WONB46_1	0.2736065993087261	-0.392233132558374	4.440892098500626e-16	0.0004854006912738962	0.00042513255837400843	0.0000699999999995559
WONB46_2	0.23540955618231882	-0.3392101639818229	0	0.00022044381768118737	0.0007211639818229254	0.00007
WONB46_3	0.1970616189485813	-0.2866134776217818	0	0.0005133810514187098	0.0007204776217817899	0.00007
WONB46_5	0.32712537433882627	-0.2556647919010363	0	0.0005326256611737357	0.0005977919010363153	0.00007
WONB46_B2	0.3315923255458597	-0.334534982429326	0	0.0006446744541402927	0.00047698242932597834	0.00007
WONB46_B5	0.3797391722311159	-0.2921217390286085	4.440892098500626e-16	0.0006358277688841008	0.000431739028608491	0.0000699999999995559
WONB46_B8	0.3826126294929014	-0.2261642653636263	0	0.0004803705070985931	0.000675265363626304	0.00007
WONB47_1	-1.4291281488179557	-0.2852365044816664	0	-0.01775985118204426	-0.0022424955183336093	0.00007
WONB47_2	-1.4627416729664715	-0.28696882368698573	0	-0.018835327033528415	-0.0021761763130142553	0.00007
WONB47_3	-1.4965811237436246	-0.2890087833423286	0	-0.019744876256375443	-0.002064216657671425	0.00007
WONB47_5	-1.468396232896969	-0.1857533421831331	0	-0.01903576710303101	-0.0004186578168668964	0.00007
WONB47_B9	-1.4781511164234604	-0.13703773181453477	0	-0.019100883576539607	-0.00026526818546523945	0.00007
WONB48_1	-1.8647177680713511	-0.17938790247937075	0	-0.02843523192864894	-0.0024910975206292596	0.00007
WONB48_2	-1.891398253956659	-0.18990150205492312	0	-0.02862874604334098	-0.0018644979450768706	0.00007
WONB48_3	-1.9182373096585281	-0.2002847355152661	0	-0.03026069034147194	-0.0019142644847338908	0.00007
WONB48_B2	-1.8760435727536087	-0.11990257276223297	0	-0.028579427246391287	-0.0014304272377670263	0.00007
WONB48_B10	-1.9245353829424545	-0.06794208768961608	0	-0.030335617057545505	-0.00032991231038391466	0.00007
WONB49_1	-2.1257067129540417	-0.6468810332068161	4.440892098500626e-16	-0.034266287045958244	-0.00900196679318388	0.0000699999999995559
WONB49_B2	-2.09676587617617	-0.6808825360414186	-4.440892098500626e-16	-0.033466123823830074	-0.009622463958581462	0.00007000000000044408
WONB49_B5	-2.0733590970715023	-0.7082824864425826	0	-0.032821902928497515	-0.0096615135574174	0.00007
WONB5_3	-1.534243164185946	-1.1521447484027985	0	-0.026602835814053982	-0.021387251597201562	0.00007
WONB5_B4	-1.5518874049882885	-1.287155184679039	4.440892098500626e-16	-0.026302595011711505	-0.017535815320961046	0.0000699999999995559
WONB7_1	-2.126877590472329	0.8550644867497004	0	-0.03439040952767103	0.012637513250299603	0.00007
WONB7_2	-2.113533969840744	0.8930901123944855	0	-0.03458603015925599	0.013278887605514433	0.00007
WONB7_3	-2.0998025542387455	0.9313159568083865	-4.440892098500626e-16	-0.03457944576125449	0.013725043191613495	0.00007000000000044408
WONB7_5	-2.0696116122572707	0.8448953329628365	0	-0.03330338774272912	0.01206366703716355	0.00007
WONB7_B1	-2.1055384437980966	0.830716262278069	0	-0.034926556201903214	0.01188073772193099	0.00007
WONB7_B4	-2.0837175438431146	0.8071881086052632	4.440892098500626e-16	-0.03326945615688537	0.012100891394736801	0.0000699999999995559
WONB7_B13	-2.0565655113378662	0.883150839552142	-4.440892098500626e-16	-0.033233488662133936	0.011154160447857997	0.00007000000000044408
WONB9_1	-1.4205127610360342	0.6652170302150432	-4.440892098500626e-16	-0.019762238963965784	0.008580969784956816	0.00007000000000044408
WONB9_2	-1.4532272981902103	0.6803153271922104	0	-0.020980701809789615	0.008717672807789567	0.00007
WONB9_3	-1.4862394387342568	0.6953013688144769	0	-0.02171356126574331	0.009511631185523117	0.00007
WONB9_5	-1.426440048181082	0.7786939657645845	0	-0.02140095181891799	0.010247034235415509	0.00007
WONB9_B1	-1.407653428351178	0.7147162539429418	0	-0.019939571648821985	0.009303746057058193	0.00007
WONB9_B4	-1.3938110380102517	0.764070001808251	4.440892098500626e-16	-0.01927396198974818	0.010255998191748938	0.0000699999999995559
WONB9_B15	-1.4672648365113565	0.759416730019399	0	-0.021790163488643488	0.009855269980600934	0.00007