23	-0.29181643823245895	0.025092858680248978	0	-0.0011335617675410359	0.0008071413197510216	0.00042
47	-0.5035419806024461	0.7637922905631097	0	0.005491980602446156	-0.0018422905631096942	0.00042
52	-0.04599931997579053	0.05662829040244397	0	0.0004993199757905298	0.0007717095975560279	0.00042
WONB1	-2.231844027422482	0.1565466490030093	0	0.00020802742248182682	0.002306350996990697	0.00007
WONB9	0.17124629296462893	-0.8262024372533071	4.440892098500626e-16	0.0011357070353710808	-0.00015456274669289893	0.0000699999999995559
WONB11	-1.8449777251938617	-0.01669608309124154	0	-0.0009202748061383215	-0.00005891690875845998	0.00007
WONB14	1.4490908781542093	-0.19064574954095936	0	0.0016121218457907371	-0.002231250459040629	0.00007
WONB20	-1.3360749643712904	-0.20380853940580115	0	-0.0013270356287096163	-0.003310460594198844	0.00007
WONB24	-2.147623838053669	0.4882337701870583	-4.440892098500626e-16	0.00037383805366886236	0.008001229812941657	0.00007000000000044408
WONB25	-1.3074203770080848	0.9782573385859871	0	-0.0052076229919151285	0.008315661414012965	0.00007
WONB27	-0.6591593769985983	0.07335462181649494	0	0.00060937699859831	-0.0011456218164949405	0.00007
WONB28	2.30557679535445	-0.5492363075651777	0	-0.0025797953544501873	-0.006762692434822304	0.00007
WONB30	-1.6619115207999946	0.8318934754269105	0	-0.0024654792000053938	0.008824524573089465	0.00007
WONB31	1.0284252095841617	-1.2738569838662768	-4.440892098500626e-16	0.006150790415838214	-0.005138016133723333	0.00007000000000044408
WONB32	-1.0181694158968808	-0.9264975749697554	0	-0.005127584103119087	-0.005889425030244588	0.00007
WONB33	-0.3738487318727238	-0.517117621808537	0	0.00016873187272381518	-0.0006313781914629724	0.00007
WONB34	0.5913626427033586	1.2683426893285707	0	0.004527357296641443	0.004507310671429288	0.00007
WONB35	-1.6266893763973056	-1.113459857496614	-4.440892098500626e-16	-0.00415662360269442	-0.008445142503386016	0.00007000000000044408
WONB37	-1.4028591693171861	-0.5170657634705982	0	-0.0025868306828138454	-0.0037702365294017826	0.00007
WONB42	0.6023964688198604	-0.2570313168312965	4.440892098500626e-16	0.0014475311801396273	-0.0005306831687035274	0.0000699999999995559
WONB43	-1.3404475632648325	-1.059651837369533	-4.440892098500626e-16	-0.005149436735167434	-0.007663162630467069	0.00007000000000044408
WONB45	-1.8656345620813728	-0.5001637655169426	4.440892098500626e-16	-0.0010244379186272745	-0.008122234483057378	0.0000699999999995559
WONB46	-1.6008606221612665	0.2653339603601556	0	-0.0010143778387334823	0.0038830396398443767	0.00007
WONB47	0.1126194680608572	0.5625627156280719	0	0.0016975319391428073	0.0004632843719281077	0.00007
WONB48	1.1818361230554675	0.602345464878402	0	0.0021828769445324525	0.005219535121598007	0.00007
WONB11_1	-1.8057984988656544	-0.04643831469278277	4.440892098500626e-16	-0.000933501134345649	-0.00042368530721723086	0.0000699999999995559
WONB11_2	-1.8315143229615674	-0.06270980876953149	0	-0.0005286770384327344	-0.0012841912304685094	0.00007
WONB11_5	-1.8575180102863664	0.02952604128046595	0	-0.0007099897136335631	0.0007519587195340509	0.00007
WONB11_B1	-1.820512956514232	-0.00010497017612276308	0	-0.0005570434857680162	0.00003697017612276308	0.00007
WONB11_B5	-1.8387636282917315	0.06033877893655992	0	-0.00022337170826847164	0.001319221063440075	0.00007
WONB11_B9	-1.875304383109952	0.06973416657424625	0	-0.0008976168900478587	0.0015938334257537545	0.00007
WONB13_1	-0.5576910734769583	-1.2573140484814052	0	-0.005004926523041631	-0.003095951518594875	0.00007
WONB13_2	-0.5202302829497437	-1.3063071993879745	0	-0.005368717050256322	0.0014271993879744205	0.00007
WONB13_B1	-0.5869593186549438	-1.2990880222206056	0	-0.005508681345056221	-0.002239977779394442	0.00007
WONB14_1	1.3814356425206082	-0.08305504157023505	0	0.0014363574793918588	-0.0012779584297649554	0.00007
WONB14_2	1.4710144067971336	-0.10478295292095664	4.440892098500626e-16	0.0013895932028664681	-0.0011500470790433565	0.0000699999999995559
WONB14_3	1.563721402480809	-0.12679050563370162	0	0.0014965975191909564	-0.0016024943662983904	0.00007
WONB14_5	1.429750261361168	-0.2751903286446926	0	0.0014567386388320003	-0.002982671355307387	0.00007
WONB14_B1	1.3600372507203458	-0.1682450573310138	-4.440892098500626e-16	0.0012707492796542041	-0.0017779426689862043	0.00007000000000044408
WONB14_B5	1.3401166060796488	-0.28024724286704705	-4.440892098500626e-16	0.0015303939203512584	-0.0030017571329529202	0.00007000000000044408
WONB14_B12	1.5097430746917604	-0.3254002864297402	0	0.0016439253082396466	-0.003904713570259788	0.00007
WONB1_1	-2.2020873403592915	0.18126279088927758	0	-0.0001816596407082649	0.0023622091107224352	0.00007
WONB1_2	-2.20823587037476	0.13975513234203785	0	0.000010870374759885948	0.0024718676579621457	0.00007
WONB1_3	-2.2124800367713418	0.09842911853488344	0	0.0007920367713416532	0.0013658814651165557	0.00007
WONB1_B1	-2.2273761771061777	0.19802661081739242	0	0.0005481771061779384	0.0027133891826075784	0.00007
WONB1_B4	-2.2496829981353206	0.214285832887712	0	0.0004829981353204893	0.0028831671122880043	0.00007
WONB1_B7	-2.2687803481739324	0.20882847012196293	0	0.0005193481739325101	0.003969529878037059	0.00007
WONB20_1	-1.2831391850313716	-0.25454430307482867	0	-0.0011428149686283362	-0.003969696925171351	0.00007
WONB20_2	-1.3226469697121321	-0.26417162850985515	0	-0.0010360302878678063	-0.0032483714901448413	0.00007
WONB20_3	-1.3622207894947604	-0.2741071684935496	0	-0.0005642105052394708	-0.003950831506450425	0.00007
WONB20_5	-1.3465839478559578	-0.14292409143166926	0	-0.0008500521440422126	-0.0024709085683307375	0.00007
WONB20_B1	-1.2966139119444442	-0.19331386626328642	0	-0.0005950880555558591	-0.0027301337367135747	0.00007
WONB20_B6	-1.3220902827818426	-0.09645588742839051	0	-0.0006057172181574977	-0.0018341125716094947	0.00007
WONB20_B11	-1.3831050461420564	-0.113945020849263	0	-0.0007249538579434667	-0.002301979150737002	0.00007
WONB24_5	-2.1427254128682423	0.44144844041982795	-4.440892098500626e-16	0.0006814128682424148	0.005319559580172051	0.00007000000000044408
WONB24_B1	-2.1732847842171465	0.4829180026717235	-4.440892098500626e-16	0.0013437842171466485	0.008492997328276464	0.00007000000000044408
WONB24_B6	-2.1587359972236397	0.40928616047658534	-4.440892098500626e-16	0.0009619972236398766	0.006284839523414687	0.00007000000000044408
WONB25_1	-1.3323491174505389	1.047717475089798	0	-0.0053268825494612315	0.008668524910202091	0.00007
WONB25_2	-1.2967152059096223	1.036099452421382	0	-0.005367794090377798	0.008674547578618075	0.00007
WONB25_3	-1.2598512253195502	1.0242565092804323	0	-0.005644774680449771	0.008382490719567759	0.00007
WONB25_5	-1.315866261838203	0.9203379317779198	-4.440892098500626e-16	-0.004816738161796952	0.008140068222080243	0.00007000000000044408
WONB25_B1	-1.3434903133202962	0.9901230151896058	0	-0.005201686679703776	0.00856398481039422	0.00007
WONB25_B7	-1.3414533536756221	0.8786726713252524	0	-0.004478646324377777	0.008473328674747593	0.00007
WONB25_B10	-1.3031786979499629	0.8649977434847625	0	-0.00422330205003707	0.007615256515237423	0.00007
WONB26_5	-1.704933531528939	1.3008785663167592	0	-0.0031444684710610904	0.004173433683240857	0.00007
WONB26_B7	-1.7077553710502156	1.2453613101212866	4.440892098500626e-16	-0.0032926289497843264	0.009023689878713492	0.0000699999999995559
WONB26_B11	-1.672764944183587	1.2903040542883966	0	-0.003918055816412913	0.008784945711603376	0.00007
WONB27_1	-0.7324449780486951	0.0999614525099283	-4.440892098500626e-16	0.0005809780486951688	-0.0002754525099283034	0.00007000000000044408
WONB27_2	-0.6875448384144044	0.13524496360195792	0	0.0003998384144043854	-0.0007989636019579138	0.00007
WONB27_3	-0.6429325688501953	0.17105929588036747	4.440892098500626e-16	0.0004605688501952976	-0.00048629588036747107	0.0000699999999995559
WONB27_5	-0.6304801466683677	0.010836471391776632	0	0.0004151466683677274	-0.0013944713917766315	0.00007
WONB27_B1	-0.7038444971536294	0.03854192188571782	-4.440892098500626e-16	0.0006184971536293826	-0.00118792188571782	0.00007000000000044408
WONB27_B7	-0.6296979680290159	-0.06038429519428868	4.440892098500626e-16	0.0003419680290158711	-0.001429704805711321	0.0000699999999995559
WONB27_B12	-0.578812035504928	0.023127437239389922	-4.440892098500626e-16	0.00042903550492801035	-0.001230437239389922	0.00007000000000044408
WONB28_1	2.281699804929141	-0.4114265820541468	4.440892098500626e-16	-0.0023388049291406254	-0.0051694179458532385	0.0000699999999995559
WONB28_5	2.239016148351165	-0.6218738929591885	0	-0.0027331483511652266	-0.007097107040811457	0.00007
WONB28_B1	2.214637333659574	-0.485342553538	-4.440892098500626e-16	-0.0015803336595738848	-0.006387446462000013	0.00007000000000044408
WONB28_B7	2.1364185882805584	-0.6467352251982437	0	-0.0012405882805586188	-0.00803177480175632	0.00007
WONB30_1	-1.6575898025133096	0.9084985373315644	4.440892098500626e-16	-0.0023461974866905155	0.009017462668435616	0.0000699999999995559
WONB30_2	-1.6362129725594157	0.868029489806938	0	-0.0024510274405842303	0.009408510193062103	0.00007
WONB30_3	-1.6142644497668648	0.8267025244046242	0	-0.0026485502331352606	0.008416475595375728	0.00007
WONB30_B1	-1.682547500186308	0.8721914017777866	0	-0.002398499813692112	0.008849598222213317	0.00007
WONB30_B7	-1.714299384864066	0.7874866949711417	-4.440892098500626e-16	-0.0015446151359339577	0.009430305028858332	0.00007000000000044408
WONB30_B15	-1.6495054511959306	0.781641061487187	0	-0.0028425488040693114	0.008676938512812926	0.00007
WONB31_1	0.9250862897933511	-1.2088591417938375	4.440892098500626e-16	0.005031710206648943	-0.0043628582061625565	0.0000699999999995559
WONB31_2	0.9997920232383165	-1.191695244720599	-4.440892098500626e-16	0.004574976761683502	-0.004900755279400926	0.00007000000000044408
WONB31_3	1.0750031818711139	-1.1732605359235142	-4.440892098500626e-16	0.005593818128886152	-0.005832464076485744	0.00007000000000044408
WONB31_B1	0.9544892400719731	-1.2904686957186056	0	0.005119759928026935	-0.004333304281394446	0.00007
WONB32_1	-1.0610619709201077	-0.8616765568596125	0	-0.004379029079892405	-0.005784443140387507	0.00007
WONB32_2	-1.020694504481119	-0.8695374234384936	0	-0.004264495518880862	-0.005576576561506341	0.00007
WONB32_5	-1.0153868619209696	-0.9836641899679719	0	-0.005152138079030477	-0.005781810032028156	0.00007
WONB32_B1	-1.058680330982447	-0.9184032623896264	0	-0.004855669017552966	-0.006338737610373513	0.00007
WONB33_1	-0.3932176264443266	-0.4252443977361653	0	0.0006036264443265993	-0.0007156022638347137	0.00007
WONB33_2	-0.34857672665957257	-0.46223008531150567	0	0.0006167266595725751	-0.0008559146884943303	0.00007
WONB33_3	-0.3028479019083365	-0.5000964263732112	0	0.0002249019083365167	-0.0009825736267888852	0.00007
WONB33_5	-0.3960137761660948	-0.5703640045491029	0	0.0004887761660947731	-0.0008999954508971397	0.00007
WONB33_B1	-0.4183125649325154	-0.47948462221687704	0	0.00008456493251540742	-0.0011133777831229819	0.00007
WONB33_B8	-0.4259360652665515	-0.61300508704883	0	-0.00045893473344854607	-0.0017499129511699962	0.00007
WONB33_B13	-0.3518962451652107	-0.6088782275754752	0	-0.0006047548347893339	-0.0009567724245248543	0.00007
WONB34_5	0.5978233095820559	1.1858599093343265	-4.440892098500626e-16	0.004321690417944168	0.004293090665673516	0.00007000000000044408
WONB34_B1	0.5191283238977534	1.2495288061726488	-4.440892098500626e-16	0.004065676102246618	0.003795193827351273	0.00007000000000044408
WONB34_B8	0.5879909064699766	1.1021132330542065	0	0.0038200935300233274	0.0035537669457934573	0.00007
WONB34_B14	0.6655008037158077	1.2306757483836561	0	0.004771196284192314	0.004821251616343947	0.00007
WONB35_1	-1.6514040833757944	-1.0470083038157167	0	-0.0033149166242056882	-0.008362696184283314	0.00007
WONB35_2	-1.6214136532913905	-1.0665215848429248	0	-0.0038793467086095657	-0.008961415157075159	0.00007
WONB35_3	-1.5908811309545545	-1.0867284935694683	0	-0.004004869045445503	-0.00951750643053173	0.00007
WONB35_B1	-1.6559854331853574	-1.0930335496802348	4.440892098500626e-16	-0.0041575668146425215	-0.008322450319765196	0.0000699999999995559
WONB35_B8	-1.6385461517771391	-1.1989403997240222	0	-0.003173848222860931	-0.007938600275977814	0.00007
WONB35_B15	-1.5998849893724916	-1.1481028449577413	0	-0.0036960106275083504	-0.007959155042258637	0.00007
WONB37_2	-1.379191707364258	-0.5657115455300671	0	-0.0021242926357420977	-0.006044454469932958	0.00007
WONB37_3	-1.4094551035059877	-0.5833868058874713	0	-0.002663896494012219	-0.006064194112528676	0.00007
WONB37_5	-1.4207392566278745	-0.4672134611260028	0	-0.002045743372125486	-0.005252538873997181	0.00007
WONB37_B1	-1.3722528340173987	-0.49877116480895195	4.440892098500626e-16	-0.00202716598260122	-0.0050208351910480675	0.0000699999999995559
WONB37_B9	-1.4415262584022916	-0.4226060436023756	0	-0.001953741597708447	-0.004586956397624409	0.00007
WONB37_B13	-1.4508439301124976	-0.4856000363325307	0	-0.0020530698875025344	-0.005173963667469306	0.00007
WONB38_B9	-0.27130164381835975	1.2980551017600943	4.440892098500626e-16	-0.0034773561816402454	0.00209989823990564	0.0000699999999995559
WONB38_B14	-0.1891787658437724	1.3084639685509645	0	-0.003012234156227589	-0.003266968550964533	0.00007
WONB3_2	-0.8686429240180534	0.6976249885302294	0	-0.00008507598194651411	0.004605011469770659	0.00007
WONB3_5	-0.9099022835739105	0.808838295194053	0	-0.0032497164260895106	0.005908704805946963	0.00007
WONB3_B1	-0.8506370894515927	0.7839242670992839	0	-0.002427910548407297	0.004955732900716159	0.00007
WONB3_B4	-0.8719118670964517	0.8398198868727516	0	-0.003513132903548266	0.005124113127248475	0.00007
WONB3_B9	-0.9376891448773834	0.8556102631150566	0	-0.003892855122616612	0.005841736884943383	0.00007
WONB41_B10	2.24216300300812	0.7246191867144367	0	-0.0005470030081200505	0.009731813285563273	0.00007
WONB42_1	0.5329583260700056	-0.1735670187682134	4.440892098500626e-16	0.000971673929994421	-0.00025898123178660915	0.0000699999999995559
WONB42_2	0.6054519827264438	-0.17852496057548617	0	0.0012080172735561279	-0.00026903942451383944	0.00007
WONB42_3	0.6793442635882383	-0.18345779809948823	0	0.0009157364117616806	-0.0006152019005117582	0.00007
WONB42_5	0.6011299878616316	-0.33504526364318044	0	0.0015340121383683458	-0.0010577363568195497	0.00007
WONB42_B1	0.5299226764342181	-0.25077903003167346	0	0.0013483235657819614	-0.0010439699683265635	0.00007
WONB42_B10	0.6401427408738606	-0.4048368310473555	-4.440892098500626e-16	0.001430259126139366	-0.0011911689526444835	0.00007000000000044408
WONB42_B15	0.6713498381892841	-0.28826615510304315	0	0.0013101618107159707	-0.0009648448969568624	0.00007
WONB43_1	-1.385809064973723	-1.0337151690980895	0	-0.0046539350262770895	-0.007433830901910632	0.00007
WONB43_3	-1.3351330684860268	-0.9865770025347514	-4.440892098500626e-16	-0.005110931513973238	-0.009115997465248604	0.00007000000000044408
WONB43_B1	-1.3667885921394345	-1.0829050898188737	0	-0.005814407860565529	-0.006996910181126248	0.00007
WONB43_B11	-1.2829891461542469	-1.1208209016193516	0	-0.004869853845753225	-0.0132770983806485	0.00007
WONB43_B14	-1.3001976432944031	-1.0701104250191862	0	-0.005680356705596967	-0.006618574980813863	0.00007
WONB45_1	-1.8416718489986745	-0.4530827403748216	0	-0.0013531510013253811	-0.005122259625178371	0.00007
WONB45_3	-1.8329350165613465	-0.5497290369614971	0	-0.00168598343865356	-0.006520963038502914	0.00007
WONB45_5	-1.892483628237026	-0.4986574145561873	0	-0.0014513717629738299	-0.0060505854438127615	0.00007
WONB45_B1	-1.8712743313017013	-0.4523655997520945	0	-0.001961668698298613	-0.004846400247905502	0.00007
WONB45_B12	-1.8974166105259906	-0.543078534001546	0	-0.0010573894740093515	-0.007564465998453951	0.00007
WONB45_B15	-1.8708813289504111	-0.5447618361011204	-4.440892098500626e-16	-0.001296671049588749	-0.008101163898879604	0.00007000000000044408
WONB46_1	-1.6019438334474727	0.3397830735691295	0	-0.0008641665525273012	0.004833926430870494	0.00007
WONB46_2	-1.5779704053133152	0.3033674313437007	0	-0.0012895946866848806	0.004712568656299321	0.00007
WONB46_3	-1.5534906631291965	0.2665839377155831	0	-0.0013253368708034952	0.004111062284416933	0.00007
WONB46_5	-1.6209315388486925	0.22767288805403887	0	-0.0008394611513076189	0.0038911119459611176	0.00007
WONB46_B2	-1.6305383377261438	0.28738164931364785	0	-0.0011756622738563482	0.004044350686352172	0.00007
WONB46_B5	-1.6496357713071825	0.24976907627650713	0	-0.0007382286928174775	0.0044579237234928515	0.00007
WONB46_B8	-1.6458366669614688	0.19971333814023537	0	-0.0007573330385310939	0.003749661859764636	0.00007
WONB47_1	0.04244267949115007	0.6194180603439896	-4.440892098500626e-16	0.001625320508849934	-0.0003170603439895947	0.00007000000000044408
WONB47_2	0.1029991420547594	0.6355441122517969	4.440892098500626e-16	0.0015038579452406053	0.0008118877482031772	0.0000699999999995559
WONB47_3	0.1636707721958645	0.6524526502163785	0	0.002030227804135476	0.0003353497836214858	0.00007
WONB47_5	0.12366984550737958	0.48944705541001426	4.440892098500626e-16	0.0020091544926204297	0.0005009445899857301	0.0000699999999995559
WONB47_B2	0.05850406582181365	0.5244852798591394	-4.440892098500626e-16	0.0017999341781863507	0.0002847201408605615	0.00007000000000044408
WONB47_B5	0.06971411209798331	0.451725407752165	0	0.0016668879020166893	0.0009705922478349671	0.00007
WONB47_B9	0.14825502274926372	0.4213833843164641	0	0.0019399772507362745	0.0004766156835359081	0.00007
WONB48_1	1.0732596824498917	0.6487459305455988	-4.440892098500626e-16	0.00265731755010834	0.004684069454401141	0.00007000000000044408
WONB48_2	1.154191521919746	0.6829499956495069	0	0.0028624780802539718	0.0055950043504930935	0.00007
WONB48_3	1.236994343064895	0.7180286758206967	0	0.0031066569351048123	0.006655324179303257	0.00007
WONB48_5	1.211080840077419	0.52114085738632	0	0.0021991599225810177	0.004881142613680001	0.00007
WONB48_B2	1.1142884356138623	0.5445542839885668	-4.440892098500626e-16	0.0019425643861377129	0.0043447160114332695	0.00007000000000044408
WONB48_B5	1.143449560405673	0.464166711999128	0	0.0016734395943269753	0.003829288000872011	0.00007
WONB48_B10	1.2806373896313938	0.46950096879890585	0	0.0024376103686061246	0.0049050312010941455	0.00007
WONB9_1	0.1295316736133157	-0.7292056725925634	-4.440892098500626e-16	0.0010893263866842973	-0.00041732740743660734	0.00007000000000044408
WONB9_2	0.1878518953044695	-0.7597325244515162	0	0.0013551046955304902	-0.00023747554848385644	0.00007
WONB9_3	0.24689123030913745	-0.7910716620435189	4.440892098500626e-16	0.0008047696908625446	-0.000015337956481120685	0.0000699999999995559
WONB9_5	0.1552421607769875	-0.8920649180205776	-4.440892098500626e-16	0.0014098392230125212	-0.00005008197942235615	0.00007000000000044408
WONB9_B1	0.11289759471596224	-0.7953522151744555	4.440892098500626e-16	0.0010104052840377575	0.00044621517445553316	0.0000699999999995559
WONB9_B4	0.0975204190919551	-0.8604364201023832	4.440892098500626e-16	0.0008145809080449123	-0.00010857989761681175	0.0000699999999995559
WONB9_B15	0.22096909114722155	-0.8782154112741464	0	0.0014499088527784587	-0.00017158872585365526	0.00007