2	-1.6900054061927534	0.5445512425685174	-4.440892098500626e-16	-0.003994593807246538	0.004248757431482564	0.0004200000000004441
WONB2	0.751443821022972	-1.1827847077951303	0	0.005312178977027959	-0.0013372922048695557	0.00007
WONB3	1.061906418194562	1.1073909177841137	0	0.006735581805437985	0.0034100822158862343	0.00007
WONB8	0.05389310335169249	-1.2768692149265188	0	-0.0006111033516924894	0.0009572149265189012	0.00007
WONB9	1.296486127478269	-0.6703735261753807	0	0.003449872521730901	-0.004431473824619281	0.00007
WONB10	-0.6384454428864402	-1.0226947076957054	0	-0.005706557113559718	-0.0020652923042945304	0.00007
WONB13	0.23323313031923965	-0.7006333743525204	0	0.0003378696807603554	0.0012003743525204058	0.00007
WONB15	-1.1894864957928586	-0.5976086843992461	0	-0.004971504207141431	-0.004266315600753967	0.00007
WONB20	0.356167664171457	0.6610910185808726	0	0.001217335828542998	-0.0017610185808726309	0.00007
WONB27	1.299371365855422	0.3517706256355749	0	0.0022896341445779456	0.0020553743644251	0.00007
WONB31	1.7884627104744164	-1.2960147713364316	0	0.0030082895255836295	-0.005931228663568433	0.00007
WONB32	-0.11411726012775378	-0.07242406153737506	0	-0.00021873987224621527	0.000006061537375062764	0.00007
WONB33	0.9098747377237824	-0.16556345081265655	0	0.00038226227621762643	-0.00028354918734344037	0.00007
WONB35	-1.2320991609233642	0.22997824648078014	0	-0.002946839076635843	0.0012157535192198754	0.00007
WONB37	-0.3714156260362195	0.5678225108477649	0	-0.0010803739637804677	-0.0013315108477649495	0.00007
WONB38	1.9943211211179086	0.9662440553875243	0	0.0021628788820913236	0.008439944612475658	0.00007
WONB42	1.8932108363733617	-0.4886031807712338	0	0.0017111636266382568	-0.0057198192287661875	0.00007
WONB43	-0.6840300012787223	0.04591178405895984	0	-0.0003449987212776895	0.00010621594104016224	0.00007
WONB45	-1.1602353486016248	1.039050817529811	0	-0.006896651398375253	0.003921182470189022	0.00007
WONB47	1.8658217308496077	0.27307067055891865	0	0.0011382691503922793	0.0031423294410813374	0.00007
WONB10_1	-0.6200738659187354	-0.9327515017294566	0	-0.005095134081264607	-0.001575498270543374	0.00007
WONB10_2	-0.5852478759371424	-0.9857459495932988	0	-0.005241124062857594	-0.0014150504067012015	0.00007
WONB10_3	-0.5503617145702746	-1.0389927945377422	0	-0.0057222854297254155	-0.001371205462257885	0.00007
WONB10_5	-0.6913711396683302	-1.0593987054339824	0	-0.006175860331669836	-0.0028252945660176554	0.00007
WONB10_B1	-0.6729606755793914	-0.9690667200134248	0	-0.005204324420608586	-0.002439279986575227	0.00007
WONB10_B5	-0.7415464974221171	-1.020981528019244	0	-0.006175502577882908	-0.0029114719807559197	0.00007
WONB10_B8	-0.7511034258290378	-1.0832321317140938	0	-0.007088574170962203	-0.0030848682859061505	0.00007
WONB13_1	0.27354759767958664	-0.6230955260123892	0	0.00024340232041336618	0.0012725260123891413	0.00007
WONB13_2	0.29117617455280453	-0.6823798947956222	0	0.00039182544719545964	0.001083894795622209	0.00007
WONB13_3	0.3087033659626277	-0.7423367545410833	0	0.0007266340373722757	0.0013567545410833048	0.00007
WONB13_5	0.17474250832362473	-0.7191876562808562	0	0.0003774916763752689	0.0017066562808562002	0.00007
WONB13_B1	0.21562379784871136	-0.641141728405181	-4.440892098500626e-16	0.00032620215128864594	0.0012517284051810629	0.00007000000000044408
WONB13_B5	0.1394273386535982	-0.6683004417348608	0	-0.0000663386535981747	0.0013034417348608551	0.00007
WONB13_B11	0.1522773806661791	-0.7773684161914937	0	0.00016761933382089533	0.0017624161914936431	0.00007
WONB15_1	-1.2700524969440288	-0.5591177896637232	0	-0.004561503055971139	-0.004769210336276863	0.00007
WONB15_2	-1.2081122174996002	-0.5382838426107607	0	-0.004550782500399864	-0.004078157389239334	0.00007
WONB15_3	-1.1468926713094685	-0.5172216840946238	0	-0.004028328690531602	-0.0037343159053762065	0.00007
WONB15_5	-1.169574667447422	-0.6570587045596238	4.440892098500626e-16	-0.005234332552578103	-0.004882295440376216	0.0000699999999995559
WONB15_B1	-1.2513682036244185	-0.6186920036465691	0	-0.004571796375581583	-0.0047199963534309	0.00007
WONB15_B5	-1.221740159889562	-0.696579699992001	0	-0.0055688401104379	-0.005090300007999038	0.00007
WONB15_B13	-1.1079544119706484	-0.6358115369094691	0	-0.004938588029351543	-0.004042463090530912	0.00007
WONB20_1	0.39094580201414286	0.5774485433604618	0	0.0009441979858571536	-0.0014545433604618019	0.00007
WONB20_2	0.33203400495511703	0.6027811300424734	0	0.0009539950448829715	-0.001816130042473385	0.00007
WONB20_3	0.27305774131147437	0.6280551837009897	0	0.0007842586885256075	-0.00178418370098965	0.00007
WONB20_5	0.3796934253664049	0.7186040289608622	0	0.001446574633595099	-0.0018620289608621832	0.00007
WONB20_B1	0.41515161293077324	0.6360008679451563	0	0.001282387069226787	-0.0014898679451562646	0.00007
WONB20_B6	0.44030304222900796	0.7343070256094907	0	0.001680957770992031	-0.0017740256094906925	0.00007
WONB20_B11	0.348155131979334	0.7737599164597149	0	0.0015018680206659862	-0.0019279164597149068	0.00007
WONB27_1	1.2397622030230626	0.42067349132918	0	0.0025087969769372886	0.0024125086708199905	0.00007
WONB27_2	1.3030090775980538	0.4140848026801197	0	0.0024359224019461223	0.00251719731988026	0.00007
WONB27_3	1.3665623658596968	0.40776795740172417	0	0.0027636341403032283	0.002854042598275819	0.00007
WONB27_5	1.2955894996035595	0.28916553787993216	0	0.002039500396440408	0.0016974621200678275	0.00007
WONB27_B1	1.2358980487916524	0.35809950232800497	0	0.0021639512083475587	0.0019274976719950154	0.00007
WONB27_B7	1.2581105098417826	0.23939683063315442	0	0.0019174901582172943	0.0013831693668455713	0.00007
WONB27_B12	1.3550508175167066	0.2630334131266985	0	0.0023051824832933665	0.0018385868733015176	0.00007
WONB2_1	0.6988214160084364	-1.1089223413343041	0	0.0044645839915635754	-0.0011286586656957809	0.00007
WONB2_2	0.7604802258991712	-1.1195598497126102	0	0.004885774100828799	-0.001452150287389653	0.00007
WONB2_3	0.8222517717408379	-1.1302543032901133	0	0.00526622825916212	-0.00183069670988667	0.00007
WONB2_5	0.7422783133098312	-1.245594687256961	0	0.005396686690168795	-0.0013003127430391004	0.00007
WONB2_B1	0.6898995030289963	-1.172131862853177	0	0.005017496971003732	-0.001073137146823111	0.00007
WONB2_B4	0.6804909004142095	-1.2352172934649073	0	0.005170099585790511	-0.0008107065350926312	0.00007
WONB2_B8	0.7188110976995032	-1.305054510886508	0	0.0056379023004967665	0.0019195108865079913	0.00007
WONB31_2	1.798483842507513	-1.233887074881276	-4.440892098500626e-16	0.0024651574924869912	-0.0071119251187239385	0.00007000000000044408
WONB31_3	1.8563927983340325	-1.2459405312145262	0	0.002715201665967504	-0.006943468785473916	0.00007
WONB32_1	-0.1284851329393819	0.011100552212950365	0	-0.00007986706061810511	0.000011447787049635033	0.00007
WONB32_2	-0.07951791139702949	-0.023515485486458952	0	-0.0002620886029705144	0.00011948548645895202	0.00007
WONB32_3	-0.030039752423706725	-0.05801313251262416	0	-0.0003642475762932751	0.00016413251262416273	0.00007
WONB32_5	-0.1490069397645837	-0.12182242889869463	0	-0.00040906023541628644	0.000039428898694626735	0.00007
WONB32_B1	-0.16323650327684688	-0.0378722639040788	-4.440892098500626e-16	-0.0003464967231531224	0.00011926390407879933	0.00007000000000044408
WONB32_B8	-0.19415339152388691	-0.16200277880119338	0	-0.0004316084761130934	0.0002037788011933772	0.00007
WONB32_B12	-0.1137919617824623	-0.17066288547688122	0	-0.00033803821753769503	0.0002398854768812242	0.00007
WONB33_1	0.9347928990412875	-0.08666746839073401	0	0.0003881009587125561	-0.00012153160926599293	0.00007
WONB33_2	0.9623563394190848	-0.14011779335698565	0	0.0005476605809151547	-0.0003362066430143418	0.00007
WONB33_3	0.9893143368870421	-0.19397127508566436	0	0.0005896631129579388	-0.0005917249143356507	0.00007
WONB33_5	0.8565837324169174	-0.1911477199142786	0	0.00036126758308252516	-0.0004262800857214033	0.00007
WONB33_B1	0.8828444558744967	-0.11166141173378984	0	0.00033654412550332413	-0.0002625882662101592	0.00007
WONB33_B8	0.7975328208056873	-0.2042025536029051	0	0.0004351791943126848	-0.00009144639709490754	0.00007
WONB33_B13	0.8836504941604189	-0.24511936264637382	0	0.0005245058395811908	-0.0005856373536261839	0.00007
WONB35_1	-1.224114858790401	0.314492740744985	0	-0.0026081412095990686	0.001859259255015011	0.00007
WONB35_2	-1.1836288333458924	0.26971399010528985	0	-0.0026891666541075665	0.0013000098947101302	0.00007
WONB35_3	-1.1430217169825962	0.224350296446674	0	-0.0023882830174037917	0.0012137035533259788	0.00007
WONB35_5	-1.2797274002420005	0.18995408003101313	0	-0.003237599757999421	0.0008659199689868557	0.00007
WONB35_B1	-1.2722572872810785	0.2751565377086045	0	-0.0028937127189214706	0.001830462291395496	0.00007
WONB35_B8	-1.3357357223285284	0.16061909558982332	4.440892098500626e-16	-0.003264277671471527	0.0007269044101766708	0.0000699999999995559
WONB35_B15	-1.2097237869299267	0.17423666222155834	0	-0.0027752130700733346	0.000756337778441668	0.00007
WONB37_1	-0.322728988623552	0.4973509730332811	0	-0.0003200113764479928	-0.0010349730332810947	0.00007
WONB37_2	-0.3817163407812035	0.5083348077406028	-4.440892098500626e-16	-0.0008266592187965438	-0.0009388077406028428	0.00007000000000044408
WONB37_3	-0.4411114181203352	0.5192485168511669	0	-0.0011745818796647933	-0.0008715168511669313	0.00007
WONB37_5	-0.3605969954860788	0.6257337314587914	0	-0.0011820045139211977	-0.001213731458791445	0.00007
WONB37_B1	-0.3122348047734371	0.556887997835583	0	-0.0006621952265628561	-0.0012669978355829281	0.00007
WONB37_B9	-0.3634805596567675	0.6833797212109889	0	-0.0008934403432324656	-0.0013627212109889042	0.00007
WONB37_B13	-0.4199265699421068	0.6367561914260966	0	-0.001161430057893209	-0.0011841914260966035	0.00007
WONB38_1	2.056315345259872	1.0098834618338297	-4.440892098500626e-16	0.0016206547401282911	0.008461538166170346	0.00007000000000044408
WONB38_2	2.0491026755425064	0.954644437819397	0	0.0015373244574936606	0.008168562180603023	0.00007
WONB38_3	2.0417364391696076	0.8990799439137903	0	0.0017735608303923733	0.008584056086209713	0.00007
WONB38_5	1.9381192457875365	0.976794886069483	0	0.0025057542124635734	0.008235113930517013	0.00007
WONB38_B1	2.0018157512603842	1.0215451754369556	0	0.001974248739615714	0.008408824563044481	0.00007
WONB38_B9	1.8809633912254007	0.9743622376421076	0	0.0026316087745992256	0.007850762357892394	0.00007
WONB38_B14	1.9498375427827228	0.9212265534147214	0	0.0023824572172772562	0.007988446585278641	0.00007
WONB3_1	1.108955853593175	1.038926509444971	0	0.006182146406825018	0.0036674905550291292	0.00007
WONB3_2	1.0518871618613308	1.0515898451110506	0	0.006347838138669237	0.0034041548889494067	0.00007
WONB3_3	0.9944783468063682	1.063235063623861	0	0.006293653193631843	0.0029349363761390634	0.00007
WONB3_5	1.0719510034398578	1.1631529583401077	4.440892098500626e-16	0.007178996560142092	0.0034080416598922803	0.0000699999999995559
WONB3_B1	1.1191877772404961	1.095402290519551	0	0.00697322275950385	0.003938709480448832	0.00007
WONB3_B4	1.1292789847988836	1.1512366583943534	0	0.007089015201116489	0.0038563416056465183	0.00007
WONB3_B9	1.0684847365282666	1.2197360341260934	-4.440892098500626e-16	0.007345263471733476	0.0033389658739064743	0.00007000000000044408
WONB42_1	1.8757188782641232	-0.4047934483994779	0	0.0011371217358768781	-0.005022551600522118	0.00007
WONB42_2	1.9238078611267233	-0.4402112235003405	0	0.0013971388732767487	-0.004839776499659498	0.00007
WONB42_3	1.9721064510476547	-0.4755129590353085	0	0.0011315489523453515	-0.005884040964691528	0.00007
WONB42_5	1.861554009872834	-0.5373912204150825	0	0.0021459901271658754	-0.0061627795849175104	0.00007
WONB42_B1	1.8453636860908713	-0.45278677338912887	0	0.0013563139091286036	-0.005555226610871156	0.00007
WONB42_B10	1.8595918388087425	-0.597998744949893	0	0.0019681611912576447	-0.00664225505010696	0.00007
WONB42_B15	1.9288768203667037	-0.5379640755268412	0	0.0014761796332962707	-0.00670192447315876	0.00007
WONB43_1	-0.7446972012010726	0.10531096782337096	0	0.000013201201072621238	-0.00006496782337095386	0.00007
WONB43_2	-0.6834226890403917	0.10581657845534354	0	-0.00042631095960832255	0.00010942154465647114	0.00007
WONB43_3	-0.62181999341261	0.10668961326635218	0	-0.00035900658739007607	-0.000022613266352181083	0.00007
WONB43_5	-0.6843528387677194	-0.014688778408061643	0	-0.00035616123228066066	-0.000006221591938356669	0.00007
WONB43_B1	-0.7458973273291836	0.04561563275900609	0	-0.00036267267081646626	-0.00015663275900609092	0.00007
WONB43_B11	-0.6362034467079853	-0.051653227376475284	0	-0.0003185532920146894	-0.00004877262352471351	0.00007
WONB43_B14	-0.6259700608378874	0.00594644019915892	0	-0.0003209391621126212	-0.000057440199158920006	0.00007
WONB45_1	-1.074377380527143	1.0566142247234829	0	-0.00726361947285703	0.0032547752765170745	0.00007
WONB45_2	-1.108175307936027	1.0068852211726935	0	-0.006939692063973046	0.0037687788273064182	0.00007
WONB45_3	-1.1419675632151227	0.9575805883479829	0	-0.006885436784877186	0.0039304116520171295	0.00007
WONB45_5	-1.2117589647708749	1.0704742201323079	0	-0.007415035229125122	0.0042977798676921974	0.00007
WONB45_B1	-1.126738211681627	1.0891348955447842	0	-0.007072788318372991	0.0034901044552158034	0.00007
WONB45_B12	-1.2608685086162463	1.0341808929932739	0	-0.0070464913837535725	0.004638107006726067	0.00007
WONB45_B15	-1.2091766044642038	1.0029845618281927	4.440892098500626e-16	-0.0073353955357962075	0.004087438171807234	0.0000699999999995559
WONB47_1	1.8347209177243469	0.3502895478564989	0	0.0015750822756530614	0.004297452143501079	0.00007
WONB47_2	1.887750242062224	0.3241233865805658	0	0.001071757937775919	0.0036876134194342436	0.00007
WONB47_3	1.941201519798209	0.2986066266505673	0	0.0011604802017908256	0.003572373349432667	0.00007
WONB47_5	1.8425577618459845	0.22150778053193285	0	0.0011522381540154392	0.0026242194680671516	0.00007
WONB47_B2	1.808260615066791	0.28111586647676107	0	0.0012033849332089286	0.0031361335232389376	0.00007
WONB47_B5	1.7845880102391518	0.22920156493697175	0	0.0015019897608481436	0.0025814350630282423	0.00007
WONB47_B9	1.832087164470305	0.16515462478167486	0	0.001299835529695148	0.00221037521832515	0.00007
WONB8_1	0.09281328846998312	-1.1936442567036707	0	0.00015671153001688143	0.0009722567036707375	0.00007
WONB8_2	0.11240713704011555	-1.2545629023210312	0	0.000026862959884452198	0.0010109023210311818	0.00007
WONB8_5	-0.004913455814271129	-1.2980452610550093	0	-0.001042544185728871	0.0007872610550092585	0.00007
WONB8_B1	0.03497386265492398	-1.216097644309398	0	-0.0007258626549239769	0.0008306443093979432	0.00007
WONB8_B4	-0.02380913229178159	-1.2375881889982199	0	-0.0012548677082184108	0.0005381889982198906	0.00007
WONB9_1	1.303646454104179	-0.5836616179767803	0	0.0031235458958209783	-0.00417838202321974	0.00007
WONB9_2	1.3429605164749372	-0.6322027678012045	0	0.0034204835250628562	-0.0044822321987953995	0.00007
WONB9_3	1.3828566689725916	-0.6809541249191229	0	0.0042183310274084285	-0.00498687508087714	0.00007
WONB9_5	1.2493047114501237	-0.7086510641694911	0	0.003875288549876288	-0.004281935830508954	0.00007
WONB9_B1	1.2571991422334117	-0.621710742361743	0	0.003424857766588296	-0.004173257638257044	0.00007
WONB9_B4	1.2103637621878836	-0.6597764616899849	0	0.003433237812116463	-0.0037325383100150766	0.00007
WONB9_B15	1.3187209589205144	-0.7291371225513399	0	0.004006041079485545	-0.004920877448660099	0.00007
