2	-1.6500636349083493	-0.4466109002088504	0	-0.024686365091650675	-0.007514099791149587	0.00042
23	1.6468932369741465	-1.0012946589210845	0	0.027681763025853456	-0.013355341078915561	0.00042
WONB1	-1.2236231556142134	1.1284125401273677	4.440892098500626e-16	-0.017348844385786544	0.014375459872632224	0.0000699999999995559
WONB3	1.0996055114604084	0.1273628173260057	0	0.00852048853959153	0.0011461826739943004	0.00007
WONB4	1.462505893946425	0.8280963853433968	0	0.02027110605357496	0.012235614656603166	0.00007
WONB11	-0.6709530069464474	0.47475991523141814	0	-0.0032389930535525746	0.0021530847685818366	0.00007
WONB20	0.3871820599792628	-0.40765235895494123	-4.440892098500626e-16	0.000812940020737174	-0.00010664104505875294	0.00007000000000044408
WONB22	2.1386915906858803	0.6910030895686562	0	0.03381940931411975	0.012188910431343847	0.00007
WONB25	0.7768883886198055	0.6788236016204046	0	0.005453611380194512	0.004567398379595411	0.00007
WONB27	1.3291539862642159	-0.7256066446676493	0	0.01462101373578406	-0.008466355332350628	0.00007
WONB30	0.2441314902922087	0.9557830289587089	0	0.0021245097077912944	0.005946971041291049	0.00007
WONB32	-0.09742460004188394	-1.0841507374081603	0	-0.0010803999581160545	-0.008816262591839763	0.00007
WONB33	0.9357426219775109	-1.1854300246331475	0	0.010914378022489069	-0.0148809753668524	0.00007
WONB35	-1.2087109015391984	-0.7699048269999338	0	-0.015669098460801667	-0.009978173000066204	0.00007
WONB37	-0.34697710807638643	-0.4236652255579014	0	-0.0005238919236135731	-0.0011317744420985543	0.00007
WONB38	2.019820466988423	-0.014629915906091737	0	0.030647533011576744	-0.000021084093908264184	0.00007
WONB43	-0.6690186537602276	-0.961645296365219	0	-0.0064533462397723396	-0.008792703634781018	0.00007
WONB45	-1.1220903375707234	0.05897034327777098	0	-0.010101662429276681	0.00023765672222901546	0.00007
WONB46	-0.06980680902874842	0.4402602050635618	0	0.0009018090287484237	0.0006177949364382096	0.00007
WONB47	1.8890828725195168	-0.7294535982621531	0	0.027729127480483173	-0.011440401737846995	0.00007
WONB11_1	-0.6302774037377716	0.40383217750795486	0	-0.0021665962622283708	0.0015918224920451474	0.00007
WONB11_2	-0.6869780003635413	0.4190242190193496	0	-0.0026909996364586908	0.0018487809806503885	0.00007
WONB11_3	-0.7436030219179658	0.43385344784757496	-4.440892098500626e-16	-0.0034099780820342485	0.002372552152425045	0.00007000000000044408
WONB11_5	-0.6547095788982896	0.5303409183621072	4.440892098500626e-16	-0.0026344211017104158	0.002492081637892829	0.0000699999999995559
WONB11_B1	-0.6146248982236132	0.4601089204944381	0	-0.0025811017763868183	0.002078079505561936	0.00007
WONB11_B5	-0.5966983583087461	0.5344908811332336	-4.440892098500626e-16	-0.002303641691253966	0.002442118866766374	0.00007000000000044408
WONB11_B9	-0.6525192387075838	0.5870264691880608	0	-0.003331761292416191	0.0033735308119392515	0.00007
WONB1_1	-1.1429936885633116	1.1085046790955335	0	-0.015874311436688382	0.01352832090446654	0.00007
WONB1_2	-1.1939131201210778	1.0801895013741742	0	-0.01668487987892231	0.013322498625825796	0.00007
WONB1_3	-1.2442419499246797	1.0505809863214122	4.440892098500626e-16	-0.017095050075320195	0.013009013678587866	0.0000699999999995559
WONB1_5	-1.2528147177660969	1.1760136330983317	0	-0.01798928223390317	0.015150366901668155	0.00007
WONB1_B1	-1.1733900270489996	1.1577913237987107	0	-0.01644997295100037	0.014253676201289256	0.00007
WONB1_B4	-1.2029221139304016	1.2050804073654209	-4.440892098500626e-16	-0.017101886069598393	0.015508592634579044	0.00007000000000044408
WONB1_B7	-1.2489608941167782	1.229769474527781	0	-0.01918810588322173	0.01726952547221905	0.00007
WONB20_1	0.4212515806135906	-0.49322424882814175	0	0.00115241938640942	-0.0006737511718582501	0.00007
WONB20_2	0.3620901290851289	-0.46714856349570966	0	0.0008538709148711021	-0.0004934365042903455	0.00007
WONB20_3	0.3028464938068393	-0.441397132537508	0	0.0008075061931606675	-0.00013186746249199688	0.00007
WONB20_5	0.4116393904455006	-0.3481395843926549	0	0.0009366095544994235	-0.00007441560734511299	0.00007
WONB20_B1	0.44639334658685076	-0.4333882609518457	0	0.0009286534131492385	-0.0004407390481543372	0.00007
WONB20_B6	0.4729567626689551	-0.33162736958893835	0	0.0011352373310449249	-0.00017463041106163812	0.00007
WONB20_B11	0.38050977730524554	-0.29130168035676285	0	0.0009872226947544305	0.00012168035676285438	0.00007
WONB22_1	2.1109796109743173	0.7651215630743429	0	0.033055389025682835	0.013214436925657158	0.00007
WONB22_2	2.160816700057877	0.7388621474400421	0	0.03421029994212299	0.01289185255995795	0.00007
WONB22_3	2.210565187262326	0.7119614900833122	0	0.03470781273767409	0.012761509916687785	0.00007
WONB22_5	2.1153985712742216	0.6428957787365425	0	0.03371742872577821	0.011369221263457518	0.00007
WONB22_B1	2.089652326459651	0.7180272859068495	0	0.032977673540349084	0.012910714093150477	0.00007
WONB22_B6	2.0628484842424957	0.634218060050788	0	0.03251551575750433	0.010971939949212084	0.00007
WONB22_B13	2.16519225916638	0.6164989828721372	0	0.03422674083361965	0.010683017127862793	0.00007
WONB24_5	-0.8032945449518926	1.2539398056566873	0	-0.010199455048107486	0.014094194343312827	0.00007
WONB24_B6	-0.8613881252735539	1.2496410494892691	0	-0.011092874726446045	0.014678950510730981	0.00007
WONB24_B15	-0.7366508365961849	1.2556699885146572	0	-0.009595163403815055	0.013551011485342768	0.00007
WONB25_1	0.7873194360627904	0.7554387502144024	0	0.0063705639372095835	0.005605249785597621	0.00007
WONB25_2	0.8214573913135268	0.7102356708338956	-4.440892098500626e-16	0.006436608686473222	0.005301329166104374	0.00007000000000044408
WONB25_3	0.8557227770214356	0.6646004926247931	0	0.006596222978564326	0.004880507375206844	0.00007
WONB25_5	0.7313786503078746	0.6464405954345588	0	0.004979349692125323	0.004136404565441176	0.00007
WONB25_B1	0.7427048742610977	0.7242461035581271	0	0.005523125738902346	0.004683896441872837	0.00007
WONB25_B7	0.6746536895113525	0.6432875209322061	0	0.0041533104886475325	0.003332479067793881	0.00007
WONB25_B10	0.711207202487016	0.5943631237736677	0	0.004395797512984023	0.003459876226332259	0.00007
WONB27_1	1.2704888074094676	-0.6543910449619041	0	0.013159192590532331	-0.007094955038095874	0.00007
WONB27_2	1.3332684637617132	-0.6608837003454189	0	0.01477353623828681	-0.007551299654581123	0.00007
WONB27_3	1.3962887520306486	-0.667413759920447	0	0.01590724796935139	-0.008075240079552959	0.00007
WONB27_5	1.3248906720726852	-0.7906991197742381	0	0.014970327927314786	-0.009272880225761893	0.00007
WONB27_B1	1.2661237716923823	-0.7192019061423116	0	0.013286228307617609	-0.007967093857688345	0.00007
WONB27_B7	1.2872244714988137	-0.8423455879005272	0	0.014479528501186278	-0.009805412099472832	0.00007
WONB27_B12	1.3837404193798326	-0.8181493744053193	0	0.01663258062016748	-0.010226625594680683	0.00007
WONB29_B7	1.6882298405038048	1.290230822286796	0	0.027636159496195134	0.015933177713204127	0.00007
WONB30_1	0.2998374324272694	1.0098338653302024	0	0.0026575675727306125	0.006899134669797746	0.00007
WONB30_2	0.30083361754942495	0.9547151091993277	0	0.002154382450575032	0.005483890800672353	0.00007
WONB30_3	0.30147502268950704	0.898775935248245	4.440892098500626e-16	0.0021939773104929783	0.005001064751755102	0.0000699999999995559
WONB30_5	0.18715871666020578	0.9556666276032104	0	0.0014602833397942272	0.0056653723967895475	0.00007
WONB30_B1	0.24330180787242597	1.0107158414358517	0	0.002169192127574021	0.0070231585641482575	0.00007
WONB30_B7	0.13824361626457166	0.9852588604902127	0	0.0014973837354283481	0.005960139509787243	0.00007
WONB30_B15	0.2263021692260538	0.9032972755207118	0	0.001671830773946198	0.004840724479288183	0.00007
WONB32_1	-0.11070968228957664	-0.9975743650184575	0	-0.0008993177104233557	-0.007072634981542536	0.00007
WONB32_2	-0.061699564436564	-1.0333607078761065	0	-0.0009184355634359945	-0.007650292123893454	0.00007
WONB32_3	-0.012139810291210792	-1.0695100307594918	0	-0.0008311897087892074	-0.008233969240508232	0.00007
WONB32_5	-0.1334536494813817	-1.1353894887069835	0	-0.001559350518618302	-0.009672511293016495	0.00007
WONB32_B1	-0.14657790899014123	-1.048477042766373	0	-0.0014120910098587847	-0.008063957233626962	0.00007
WONB32_B8	-0.17971676390166663	-1.1771663595450441	0	-0.0022082360983333715	-0.010873640454955869	0.00007
WONB32_B12	-0.09856617997390982	-1.1866590113395956	0	-0.0015898200260901774	-0.01089598866040431	0.00007
WONB33_1	0.9615063689529882	-1.1022624383807453	0	0.010747631047011708	-0.013289561619254764	0.00007
WONB33_2	0.9885946063335109	-1.1583976758999217	0	0.011620393666489148	-0.014627324100078276	0.00007
WONB33_3	1.0150704273329383	-1.2147622215340366	0	0.012334572667061616	-0.0160557784659634	0.00007
WONB33_5	0.8820049319546562	-1.2116839198648037	0	0.010032068045343734	-0.015261080135196226	0.00007
WONB33_B1	0.9091719858645275	-1.1289302090586018	0	0.010070014135472483	-0.013632790941398243	0.00007
WONB33_B8	0.8225358995894531	-1.2242813279456823	0	0.009217100410546908	-0.015090672054317578	0.00007
WONB33_B13	0.9086298726143177	-1.2684122406345846	0	0.010821127385682305	-0.01657675936541536	0.00007
WONB35_1	-1.1991486447430402	-0.6821594407407277	0	-0.015199355256959812	-0.008364559259272375	0.00007
WONB35_2	-1.1602299732569308	-0.728566062432881	0	-0.013993026743069237	-0.008812937567118984	0.00007
WONB35_3	-1.1211463772418253	-0.7756642573250946	0	-0.013632622758174673	-0.009533742674905366	0.00007
WONB35_5	-1.2563123206077171	-0.810889741382528	0	-0.0171326793922828	-0.011001258617472032	0.00007
WONB35_B1	-1.2472419307915656	-0.7228320456409836	0	-0.01659006920843442	-0.009607954359016402	0.00007
WONB35_B8	-1.3118702887589153	-0.840443161708161	0	-0.01844371124108468	-0.01159983829183897	0.00007
WONB35_B15	-1.1878338244525157	-0.8278601380149467	0	-0.015494175547484224	-0.010629861985053224	0.00007
WONB37_1	-0.29912227761916355	-0.4941987340129831	0	-0.000536722380836463	-0.0012792659870168865	0.00007
WONB37_2	-0.3582396602676191	-0.48281126545453645	0	-0.0007133397323809132	-0.0014407345454635623	0.00007
WONB37_3	-0.4176906218527756	-0.47151667783792583	0	-0.0012293781472244025	-0.001709322162074145	0.00007
WONB37_5	-0.3351925909951707	-0.3645167307660242	0	-0.0006424090048293141	-0.0009482692339757848	0.00007
WONB37_B1	-0.287665819692937	-0.43490746755941967	0	-0.0004721803070630304	-0.0009035324405803347	0.00007
WONB37_B9	-0.3371593185236046	-0.3047092406966455	-4.440892098500626e-16	-0.0008046814763953969	-0.0006317593033544622	0.00007000000000044408
WONB37_B13	-0.3945740901106945	-0.3532330880510999	0	-0.0009649098893054764	-0.0008919119489001481	0.00007
WONB38_1	2.0814667241719356	0.030284975542832382	0	0.03138827582806458	0.0011480244571676207	0.00007
WONB38_2	2.074064233588559	-0.025769755211548628	0	0.03131976641144085	-0.0002392447884513732	0.00007
WONB38_3	2.0665042002590983	-0.08214421414321894	0	0.03126079974090157	-0.0010977858567810528	0.00007
WONB38_5	1.9642574920842055	-0.0038981150881916126	0	0.02897350791579445	-0.000007884911808387577	0.00007
WONB38_B1	2.027502134916441	0.04147693675888136	0	0.030817865083559326	0.0010080632411186424	0.00007
WONB38_B9	1.9077651390189725	-0.006155926424344663	0	0.02841586098102744	0.00017292642434466304	0.00007
WONB38_B14	1.9755735725567436	-0.060457474654909964	4.440892098500626e-16	0.029987427443256554	-0.0008605253450900338	0.0000699999999995559
WONB3_1	1.1457255014068934	0.05840835573792902	4.440892098500626e-16	0.00939649859310654	0.0006226442620709816	0.0000699999999995559
WONB3_2	1.0891464402311484	0.07114564093450484	0	0.008110559768851555	0.0007633590654951561	0.00007
WONB3_3	1.0321555390123005	0.08338851666477655	0	0.007217460987699598	0.0005484833352234486	0.00007
WONB3_5	1.1100811303092935	0.18349583945584522	0	0.00877586969070654	0.0016321605441547704	0.00007
WONB3_B1	1.1563756021812523	0.1150384766171873	0	0.009747397818747672	0.0012495233828127006	0.00007
WONB3_B4	1.1668720330499665	0.17111013692944543	0	0.009942966950033494	0.001698863070554557	0.00007
WONB3_B9	1.1071434257965103	0.24059507628252588	0	0.009098574203489695	0.0023459237174741077	0.00007
WONB40_B10	1.0553940414757574	1.2510351870800231	0	0.014458958524242504	0.017874812919976835	0.00007
WONB40_B13	1.087740570035091	1.290947804953822	0	0.015420429964909	0.014596195046177929	0.00007
WONB43_1	-0.7285060560403859	-0.8988040405718355	0	-0.006807943959614149	-0.008402959428164491	0.00007
WONB43_2	-0.6673396727150409	-0.8987690829756744	0	-0.00566132728495905	-0.00795691702432566	0.00007
WONB43_3	-0.6057337709867043	-0.8983453912388012	0	-0.005289229013295649	-0.007683608761198779	0.00007
WONB43_5	-0.6704115755486031	-1.0246181167303046	0	-0.006564424451396933	-0.010143883269695397	0.00007
WONB43_B1	-0.730795529944508	-0.9617092862973738	0	-0.0071494700554919355	-0.009911713702626113	0.00007
WONB43_B11	-0.6228952473244124	-1.0633051615707012	0	-0.006430752675587681	-0.010723838429298693	0.00007
WONB43_B14	-0.6116467752098165	-1.0034282787545796	4.440892098500626e-16	-0.005818224790183568	-0.009386721245420393	0.0000699999999995559
WONB45_1	-1.0374153015340077	0.07685589310099925	0	-0.007953698465992254	0.0008191068990007488	0.00007
WONB45_2	-1.0715843636375184	0.026727736262932053	0	-0.008798636362481682	-0.00012173626293205189	0.00007
WONB45_3	-1.105732117802963	-0.0232849212406436	-4.440892098500626e-16	-0.010097882197037	-0.0004430787593564002	0.00007000000000044408
WONB45_5	-1.1719886211738935	0.09082371376200496	0	-0.011344378826106505	0.0003112862379950343	0.00007
WONB45_B1	-1.0882590955662255	0.1091277722148431	0	-0.00896690443377457	0.00047622778515689357	0.00007
WONB45_B12	-1.2207926345527758	0.05412809071760119	0	-0.012962365447224178	0.00044490928239881294	0.00007
WONB45_B15	-1.1707886332393234	0.022407822552675788	0	-0.01124936676067656	-0.00012282255267578868	0.00007
WONB46_1	-0.021184486457115063	0.5040285974541757	0	0.0011624864571150618	0.0005754025458243328	0.00007
WONB46_2	-0.012380304903103698	0.44822635275782485	0	0.0014653049031036983	0.0008416472421751697	0.00007
WONB46_3	-0.0031368365299991527	0.39186743725937145	0	0.0011128365299991525	0.00032956274062856394	0.00007
WONB46_5	-0.12788599615447188	0.4316483392766094	0	0.0011129961544718847	0.0008776607233906275	0.00007
WONB46_B2	-0.09700340531990884	0.49059214773388704	4.440892098500626e-16	0.0007474053199088421	0.0010298522661129628	0.0000699999999995559
WONB46_B5	-0.15491641086807798	0.481706931974639	0	0.000685410868077968	0.0009860680253609977	0.00007
WONB46_B8	-0.18648384660985917	0.4360927313421429	0	0.0009668466098591844	0.000738268657857144	0.00007
WONB47_1	1.858705828407902	-0.6488404655487369	4.440892098500626e-16	0.026690171592097967	-0.010191534451263085	0.0000699999999995559
WONB47_2	1.9110743484862405	-0.6759309794194266	0	0.028020651513759542	-0.010584020580573394	0.00007
WONB47_3	1.9639344899719289	-0.70264494553438	0	0.029492510028071184	-0.011611054465620052	0.00007
WONB47_5	1.8657575227318652	-0.7830298837013748	0	0.02700247726813476	-0.012365116298625134	0.00007
WONB47_B2	1.8321350525049056	-0.7212474359643003	0	0.0260319474950943	-0.011489564035699673	0.00007
WONB47_B5	1.8084067947315141	-0.7750978344306805	0	0.02625120526848579	-0.012338165569319548	0.00007
WONB47_B9	1.8550740910220187	-0.8417175551814018	0	0.026790908977981198	-0.01325144481859819	0.00007
WONB4_1	1.4540212059760032	0.9052640663780499	0	0.02079079402399686	0.013819933621950109	0.00007
WONB4_2	1.4965217568976175	0.8679198404440989	0	0.021338243102382526	0.013275159555901084	0.00007
WONB4_3	1.5390877917148809	0.8306366902074855	0	0.02253220828511915	0.012753309792514433	0.00007
WONB4_5	1.4277191542039838	0.7876510448534411	0	0.01930084579601621	0.011228955146558972	0.00007
WONB4_B1	1.4202238682605326	0.8654963189632239	0	0.01964513173946747	0.012778681036776152	0.00007
WONB4_B4	1.3853679009657878	0.8251666906282298	0	0.018575099034212172	0.011714309371770204	0.00007
WONB4_B10	1.4207731281725886	0.7328298215863324	0	0.01889487182741134	0.010333178413667654	0.00007