44	-1.433238080907818	0.39107554921053506	0	-0.001411919092181968	0.004074450789464945	0.00042
45	-0.3450310174295193	0.4827003605520964	0	0.0006310174295193205	0.0009996394479035997	0.00042
47	-0.1489049766916182	0.45650301626356854	0	0.002254976691618199	-0.004653016263568566	0.00042
52	-0.13681372534215175	-0.39944387826588723	0	-0.0017862746578482525	0.0007938782658872268	0.00042
WONB3	-0.47019678649111396	0.7582012728307059	0	-0.0016702135088860204	0.0006357271692940536	0.00007
WONB5	1.0751917987439745	0.9938031058607153	-4.440892098500626e-16	0.005661201256025539	0.005185894139284719	0.00007000000000044408
WONB9	-0.3750328085319107	-1.1248664292194333	0	-0.0030531914680893	-0.00164357078056665	0.00007
WONB10	-1.6588073174823788	-1.11289688623134	0	-0.003110682517621255	-0.009491113768659964	0.00007
WONB13	-1.1386454587478245	-0.9742507949885771	0	-0.005248541252175443	-0.006902205011422913	0.00007
WONB15	-1.9243841102647268	-0.7233239053185662	0	-0.0000038897352732103485	-0.00792809468143385	0.00007
WONB20	-1.299459456110006	0.19589356595974747	-4.440892098500626e-16	-0.0010675438899940826	0.002240434040252537	0.00007000000000044408
WONB21	1.9192285949511323	0.582500737033317	4.440892098500626e-16	0.003361405048867727	0.008087262966683051	0.0000699999999995559
WONB27	-0.6124065196399985	-0.12329414807451873	0	0.0005435196399984354	0.000030148074518732138	0.00007
WONB32	-1.3475249303295125	-0.38834450758605743	0	-0.0016180696704874986	-0.003663492413942593	0.00007
WONB33	-0.6503137341797979	-0.5622525451504656	0	-0.0010822658202020996	-0.0012664548495343597	0.00007
WONB34	0.9379826413669353	-0.014806710924045341	0	-0.00028864136693529385	0.00035671092404534165	0.00007
WONB35	-1.9479271731566403	-0.08963751310391534	0	-0.00007882684335958068	-0.0007414868960846643	0.00007
WONB37	-1.5029122650081037	0.17480682522203608	0	-0.001192734991896316	0.0026111747779639094	0.00007
WONB38	0.43059091178240194	0.6775550814913465	-4.440892098500626e-16	0.0014780882175980392	0.0003379185086535008	0.00007000000000044408
WONB42	0.18377662828057117	-1.0440329177608203	0	0.001126371719428837	-0.0003650822391796371	0.00007
WONB43	-1.6761131132948326	-0.25657564939557653	0	-0.0002698867051673659	-0.0032093506044234554	0.00007
WONB46	-1.3273814397004822	0.9588334931297597	0	-0.005327560299517753	0.006759506870240295	0.00007
WONB47	0.22608325508115143	-0.16666900207791263	4.440892098500626e-16	0.00048774491884856497	0.00047000207791261794	0.0000699999999995559
WONB48	0.9923339998516562	-0.8589000768181667	4.440892098500626e-16	0.0036960001483438143	-0.003807923181833317	0.0000699999999995559
WONB49	1.9527612341082563	-0.4621540862613258	-4.440892098500626e-16	0.0009017658917436222	-0.005987913738674189	0.00007000000000044408
WONB10_2	-1.6307715024526808	-1.091885178831851	0	-0.0035284975473193203	-0.008800821168148953	0.00007
WONB10_3	-1.6123185827558988	-1.1385433965134262	0	-0.0036354172441011023	-0.009098603486573875	0.00007
WONB10_5	-1.6851678461960007	-1.1332950993519846	0	-0.0027751538039992862	-0.008958900648015522	0.00007
WONB10_B1	-1.6763371739621187	-1.0664618999800843	0	-0.0033558260378814264	-0.009251100019915581	0.00007
WONB10_B5	-1.7099439536538015	-1.0965126868434267	0	-0.0023600463461985743	-0.009101313156573365	0.00007
WONB11_1	-1.660541885746048	0.8726851839618657	0	-0.003494114253951963	0.008173816038134274	0.00007
WONB11_B1	-1.6533986595089578	0.9233514818254972	0	-0.003675340491042123	0.008149518174502823	0.00007
WONB11_B9	-1.6735950566088762	1.0316339730396096	0	-0.0037309433911238976	0.0077930269603905256	0.00007
WONB13_1	-1.1087254834737337	-0.9113786652977789	-4.440892098500626e-16	-0.005181516526266305	-0.006711334702221072	0.00007000000000044408
WONB13_2	-1.0989462468022906	-0.9664428977128531	0	-0.005372753197709468	-0.006737102287146968	0.00007
WONB13_3	-1.0888028889235146	-1.0220617067528361	4.440892098500626e-16	-0.005862111076485377	-0.007200293247163758	0.0000699999999995559
WONB13_5	-1.1768221242978432	-0.9819034077584872	0	-0.005441875702156818	-0.0068965922415128444	0.00007
WONB13_B1	-1.1488508781990965	-0.9195429754243307	0	-0.005168121800903425	-0.006758024575669319	0.00007
WONB13_B5	-1.198028036802025	-0.9325951342738974	0	-0.004640963197974912	-0.007067865726102629	0.00007
WONB13_B11	-1.1919431596010823	-1.028914453102416	0	-0.005931840398917698	-0.006759546897584068	0.00007
WONB15_2	-1.931960271615223	-0.6769730674903606	0	0.0001582716152230823	-0.007727932509639435	0.00007
WONB15_3	-1.9033957557762142	-0.6664965080539882	0	0.00019275577621424844	-0.008263491946011836	0.00007
WONB15_5	-1.9145000350968198	-0.7695991885190844	0	0.00020403509681976573	-0.008762811480915622	0.00007
WONB15_B1	-1.953387998665866	-0.7333753119780924	0	0.00030199866586588797	-0.008351688021907666	0.00007
WONB20_1	-1.2763892772234127	0.11822051415842827	0	-0.0008047227765872744	0.0017974858415717304	0.00007
WONB20_2	-1.3146333702072137	0.1419814811742996	0	-0.0009406297927863072	0.0018905188257004046	0.00007
WONB20_3	-1.3532070851006854	0.1651529296398302	0	-0.0012029148993144556	0.002057070360169805	0.00007
WONB20_5	-1.2814656956206716	0.2503656269725571	0	-0.0011043043793284024	0.002930373027442923	0.00007
WONB20_B1	-1.260767578519967	0.17267359027226342	0	-0.0010274214800329862	0.0019444097277365735	0.00007
WONB20_B6	-1.2394788721859697	0.26637351852501734	0	-0.0010871278140303087	0.0029714814749826624	0.00007
WONB20_B11	-1.3002492191387476	0.30192502752643413	0	-0.0014207808612525241	0.0032159724735658646	0.00007
WONB21_1	2.0373527235602804	0.6486435268814419	0	0.0034752764397194547	0.008628473118558078	0.00007
WONB21_2	2.0100791364073642	0.564397836798364	0	0.00372186359263571	0.008026163201636072	0.00007
WONB21_3	1.9827317782794436	0.4807998806110884	0	0.0033612217205565287	0.0067461193889115645	0.00007
WONB21_5	1.8297579686440972	0.5994383233782419	-4.440892098500626e-16	0.0035540313559028203	0.007733676621758168	0.00007000000000044408
WONB21_B1	1.9457867817980612	0.6658092785691226	-4.440892098500626e-16	0.0035752182019388457	0.008940721430877319	0.00007000000000044408
WONB21_B6	1.7957386014693004	0.674274105622262	4.440892098500626e-16	0.0044983985306996654	0.008290894377738	0.0000699999999995559
WONB21_B12	1.7763440775303385	0.5284147792664258	0	0.0032309224696613903	0.006603220733574222	0.00007
WONB25_5	-0.7540023583918419	1.2718957707402612	0	-0.006761641608158064	0.0015812292597388033	0.00007
WONB25_B7	-0.7973711214390965	1.2594458103036776	0	-0.007078878560903501	0.001987189696322389	0.00007
WONB25_B10	-0.7702729597889528	1.2128439307140297	0	-0.006289040211047148	0.002128069285970202	0.00007
WONB27_1	-0.6587773907237849	-0.04947412251921552	0	0.0006823907237849536	0.0001041225192155229	0.00007
WONB27_2	-0.6064895766381664	-0.05798032138416292	0	0.0004905766381664289	0.00034432138416291835	0.00007
WONB27_3	-0.554333371932029	-0.0666428184824445	0	0.0004063719320290815	0.00011981848244449478	0.00007
WONB27_5	-0.6183090884815506	-0.188584484090613	0	0.0006690884815506726	-0.0002025159093869966	0.00007
WONB27_B1	-0.6640767561645878	-0.1143343182905325	0	0.0005817561645878877	0.0003083182905325027	0.00007
WONB27_B7	-0.6501704751166123	-0.23819204564346141	0	0.0004864751166122616	-0.00010895435653859864	0.00007
WONB27_B12	-0.57184433138881	-0.21924851193143238	0	0.00050333138880998	-0.00031948806856763046	0.00007
WONB32_5	-1.3689936133517107	-0.4286331117916994	0	-0.0015913866482892836	-0.004270888208300627	0.00007
WONB32_B12	-1.3492439700358714	-0.4737547426041397	0	-0.001963029964128671	-0.004886257395860294	0.00007
WONB33_1	-0.6245510888892692	-0.48566587050280374	0	-0.0005789111107307177	-0.0008051294971962442	0.00007
WONB33_2	-0.6062536680815451	-0.5418502997154324	0	-0.0008023319184549127	-0.0009147002845676377	0.00007
WONB33_3	-0.5876351165818772	-0.5984911023787571	0	-0.0010238834181228729	-0.001000897621242891	0.00007
WONB33_5	-0.6910802984170601	-0.5817558371654444	0	-0.0015387015829398942	-0.001811162834555513	0.00007
WONB33_B1	-0.6683870325564838	-0.5061629626674667	4.440892098500626e-16	-0.000830967443516184	-0.0011840373325332498	0.0000699999999995559
WONB33_B8	-0.7331746626926938	-0.5877816777949939	0	-0.0012633373073062115	-0.0018773222050061378	0.00007
WONB33_B13	-0.6736183064200234	-0.6378460384988629	-4.440892098500626e-16	-0.00138769357997659	-0.0017339615011371379	0.00007000000000044408
WONB34_1	0.9161859127991774	0.08719018547907638	-4.440892098500626e-16	-0.00031691279917733794	0.0009778145209236172	0.00007000000000044408
WONB34_2	0.9778684902214693	0.04773514647513595	0	-0.000026490221469277486	0.0007458535248640527	0.00007
WONB34_3	1.0416016110198782	0.007410327363527398	0	0.000008388980121676326	0.0005836726364726015	0.00007
WONB34_5	0.8986807526052006	-0.0768950613895334	0	-0.00026775260520062183	0.0001320613895334083	0.00007
WONB34_B1	0.87636271563103	0.02513168317516553	4.440892098500626e-16	-0.00033671563102999347	0.000306316824834469	0.0000699999999995559
WONB34_B8	0.8475002018571125	-0.12762139013523735	4.440892098500626e-16	-0.00021620185711246354	0.0000653901352373476	0.0000699999999995559
WONB34_B14	0.9703081879205612	-0.09504211307133754	-4.440892098500626e-16	-0.0004101879205611336	-0.000030886928662460233	0.00007000000000044408
WONB35_1	-1.9436164315985478	-0.023854661949687408	0	-0.000031568401452242156	0.00013866194968740683	0.00007
WONB35_2	-1.9247181676925194	-0.05973492791850847	0	-0.0003728323074807527	-0.00044507208149152655	0.00007
WONB35_3	-1.905703766220082	-0.09634715383562852	4.440892098500626e-16	0.000048766220081875034	-0.0007968461643714786	0.0000699999999995559
WONB35_5	-1.9687006678487706	-0.11899667180464325	4.440892098500626e-16	0.0001996678487705683	-0.001395328195356746	0.0000699999999995559
WONB35_B1	-1.9659049265992161	-0.0534346443364919	0	-0.00017407340078379185	-0.00048435566350810144	0.00007
WONB35_B8	-1.9921082087202766	-0.13933463312025923	4.440892098500626e-16	-0.0003817912797234868	-0.0016333668797407774	0.0000699999999995559
WONB35_B15	-1.9378497294416435	-0.13367704007300912	0	-0.00011027055835644006	-0.0015129599269908811	0.00007
WONB37_1	-1.4690008203113627	0.11496505891899275	-4.440892098500626e-16	-0.001135179688637411	0.0017439410810072414	0.00007000000000044408
WONB37_2	-1.5033808354177718	0.12481674463933337	4.440892098500626e-16	-0.0009321645822282232	0.001344255360666624	0.0000699999999995559
WONB37_B1	-1.4681143542963198	0.165383393688358	-4.440892098500626e-16	-0.0009586457036803164	0.002137606311642004	0.00007000000000044408
WONB38_1	0.5081154871620054	0.7396260290345432	-4.440892098500626e-16	0.0018945128379945775	0.000742970965456835	0.00007000000000044408
WONB38_2	0.4951734642091807	0.6686414664446277	0	0.0015875357908193277	0.00032153355537223316	0.00007
WONB38_3	0.48271357044857705	0.5979151910417921	0	0.0012704295514229802	0.00047280895820789315	0.00007
WONB38_5	0.368920620894897	0.6857629078438687	0	0.001370379105102959	-0.00005490784386874559	0.00007
WONB38_B1	0.44356290663643316	0.7480407069025967	4.440892098500626e-16	0.001790093363566836	0.00019929309740329693	0.0000699999999995559
WONB38_B14	0.3770351711584139	0.6174464031944784	4.440892098500626e-16	0.0013728288415861267	0.00002059680552157772	0.0000699999999995559
WONB3_1	-0.4319189389757445	0.687662550803879	0	-0.0011810610242554698	0.0008444491961210332	0.00007
WONB3_2	-0.48023163048403933	0.6968119308303884	0	-0.0016073695159606882	0.0009670691696116451	0.00007
WONB3_3	-0.5260690212664366	0.7053145878185032	0	-0.001703978733563427	0.0007674121814967849	0.00007
WONB3_5	-0.4598428258129322	0.8200613520913524	-4.440892098500626e-16	-0.002141174187067829	0.0004806479086475468	0.00007000000000044408
WONB3_B1	-0.4226496524903327	0.7499270921252295	0	-0.0015083475096672738	0.00035790787477052444	0.00007
WONB3_B4	-0.4126822535499955	0.8121493331209025	0	-0.0018987464500044848	0.0005136668790974852	0.00007
WONB3_B9	-0.4599584379183392	0.8821093800322278	0	-0.0024605620816608442	0.0008026199677722001	0.00007
WONB42_1	0.17438187057919946	-0.9465959092774409	4.440892098500626e-16	0.0007331294208005323	0.00020290927744082143	0.0000699999999995559
WONB42_2	0.22252265240291935	-0.9948331360430824	-4.440892098500626e-16	0.0013063475970806482	0.00014413604308238792	0.00007000000000044408
WONB42_3	0.27114664727169496	-1.0437116338326833	-4.440892098500626e-16	0.001764352728305052	-0.00009536616731664616	0.00007000000000044408
WONB42_5	0.1469532290747137	-1.092457666656074	0	0.0010637709252863115	-0.0003823333439261223	0.00007
WONB42_B1	0.13626489775687758	-0.9954363643776132	0	0.0006391022431224136	-0.0005326356223868123	0.00007
WONB42_B10	0.14202414842557587	-1.1589841118923188	0	0.0009918515744241352	-0.0005118881076813242	0.00007
WONB42_B15	0.21679301622936878	-1.1062787555447895	0	0.0015269837706312073	-0.000558244455210577	0.00007
WONB43_1	-1.7049852872988454	-0.20469760179245694	0	-0.0007367127011546071	-0.002502398207543055	0.00007
WONB43_2	-1.6737415212654139	-0.20712263296700031	0	-0.0006884787345862176	-0.002545367032999679	0.00007
WONB43_3	-1.6418035683901655	-0.20929136957848354	0	-0.0007054316098344948	-0.0024206304215164676	0.00007
WONB43_5	-1.6764662405487372	-0.306030579253631	-4.440892098500626e-16	-0.0011777594512627498	-0.0037694207463690454	0.00007000000000044408
WONB43_B1	-1.7082857819843351	-0.2537728788159385	0	-0.0009642180156648195	-0.003240121184061473	0.00007
WONB43_B11	-1.6514178093460057	-0.33900971659951196	0	-0.0007871906539942408	-0.004012283400488037	0.00007
WONB43_B14	-1.645676810510102	-0.2923499974144036	0	-0.000511189489897923	-0.003066002585596417	0.00007
WONB44_B11	1.9542744506346958	1.2614218333878484	-4.440892098500626e-16	0.0032675493653040455	0.008202166612151673	0.00007000000000044408
WONB45_1	-1.8722294522516765	0.5709392413397326	-4.440892098500626e-16	-0.0011235477483235723	0.007384758660267332	0.00007000000000044408
WONB45_3	-1.9050342992689384	0.487603092209324	4.440892098500626e-16	-0.0014077007310615564	0.006818907790675954	0.0000699999999995559
WONB45_5	-1.9388642642202338	0.5758318508039771	0	-0.001481735779766069	0.007723149196022905	0.00007
WONB45_B1	-1.8993940076700628	0.5945393350137979	0	-0.0015289923299370844	0.0072936649862020975	0.00007
WONB45_B12	-1.962112698157013	0.5444618174500327	0	-0.0019083018429870702	0.00732518254996728	0.00007
WONB45_B15	-1.938083772550867	0.5214093572085925	0	-0.0011642274491330262	0.007192642791407522	0.00007
WONB46_1	-1.2934055167754668	1.0247058502535804	0	-0.00577548322453314	0.006068149746419671	0.00007
WONB46_2	-1.288637904769104	0.9725039096090281	-4.440892098500626e-16	-0.005474095230896037	0.00628809039097189	0.00007000000000044408
WONB46_3	-1.2836235984864408	0.9199762131842104	0	-0.0051654015135591536	0.006110786815789582	0.00007
WONB46_5	-1.3634108215063765	0.944831448727965	0	-0.0048651784936235565	0.0064235512720349774	0.00007
WONB46_B2	-1.3442644470009586	1.0033848986448097	0	-0.005532552999041318	0.006557101355190165	0.00007
WONB46_B5	-1.3794973041285308	0.9888412037244432	-4.440892098500626e-16	-0.004941695871469198	0.00675579627555678	0.00007000000000044408
WONB46_B8	-1.399340257293916	0.9430888915779714	0	-0.00480374270608408	0.006879108422028657	0.00007
WONB47_1	0.20200647692800938	-0.0745159281189289	4.440892098500626e-16	0.0005815230719906084	0.00036492811892890886	0.0000699999999995559
WONB47_2	0.25531029395148575	-0.10728726693361813	-4.440892098500626e-16	0.0006367060485142351	0.000565266933618136	0.00007000000000044408
WONB47_3	0.30872537548750284	-0.140095217222222	0	0.0005596245124971366	0.0003072172222220171	0.00007
WONB47_5	0.19819499714226846	-0.22544404025530662	4.440892098500626e-16	0.00044200285773154935	0.00013304025530661012	0.0000699999999995559
WONB47_B2	0.16689965779133936	-0.15452453064592908	0	0.00047934220866063804	0.00027053064592907905	0.00007
WONB47_B5	0.13953506072614955	-0.21314388849142019	0	0.0005259392738504454	0.00028788849142019624	0.00007
WONB47_B9	0.1829658187148921	-0.2900934895970257	0	0.0005451812851079152	0.0003684895970256785	0.00007
WONB48_1	0.944815507935117	-0.7591582648346391	-4.440892098500626e-16	0.002766492064882997	-0.0031667351653609233	0.00007000000000044408
WONB48_2	1.0158059717988772	-0.7888540856420981	-4.440892098500626e-16	0.0031010282011227908	-0.0036959143579018416	0.00007000000000044408
WONB48_3	1.0880024083703117	-0.8193142504204161	0	0.0035255916296883516	-0.004285749579583942	0.00007
WONB48_5	0.970176932164923	-0.9276792622995468	0	0.00385006783507702	-0.003961737700453272	0.00007
WONB48_B2	0.9186682678287926	-0.8524617227410839	0	0.003288732171207398	-0.0031532772589161207	0.00007
WONB48_B5	0.8973407680873418	-0.9205122763882914	4.440892098500626e-16	0.0037852319126582268	-0.003443723611708638	0.0000699999999995559
WONB48_B10	0.9891145182543234	-1.0026462752520031	-4.440892098500626e-16	0.005218481745676629	-0.004799724747996947	0.00007000000000044408
WONB49_1	2.08163989353861	-0.5102450228795405	-4.440892098500626e-16	-0.00040689353860967614	-0.006603977120459459	0.00007000000000044408
WONB49_2	1.9937839866608795	-0.5405686311981559	0	0.0005620133391204263	-0.007475368801844073	0.00007
WONB49_3	1.9074075295519668	-0.5710487374251122	0	0.0011914704480331384	-0.0077692625748878585	0.00007
WONB49_5	1.912821128294843	-0.3836683029185001	0	0.0011618717051569138	-0.005538697081499899	0.00007
WONB49_B2	2.021383713150902	-0.4067577656137517	0	0.00021028684909785156	-0.005381234386248268	0.00007
WONB49_B5	1.9807266984218517	-0.3276675420744666	4.440892098500626e-16	0.0006423015781482633	-0.004601457925533403	0.0000699999999995559
WONB49_B11	1.8220462209558776	-0.36051314869769324	0	0.001144779044122357	-0.004564851302306772	0.00007
WONB5_1	1.1570795013618214	0.9300140258459372	0	0.005289498638178625	0.005874974154062795	0.00007
WONB5_2	1.079096546513892	0.9172246179931134	4.440892098500626e-16	0.00501645348610813	0.005105382006886594	0.0000699999999995559
WONB5_3	1.0036140116516032	0.9049603072089595	0	0.004614988348396798	0.004131692791040531	0.00007
WONB5_5	1.0711828289343228	1.070618310781333	0	0.006163171065677098	0.0050566892186669765	0.00007
WONB5_B1	1.152502747260477	1.0073796428779607	0	0.005792252739523107	0.005587357122039283	0.00007
WONB5_B4	1.1484210331373488	1.0845175265092717	-4.440892098500626e-16	0.006499966862651307	0.00589947349072828	0.00007000000000044408
WONB5_B11	1.0091927811312211	1.1070874424136103	4.440892098500626e-16	0.006203218868778837	0.004350557586389581	0.0000699999999995559
WONB9_1	-0.36346933643798507	-1.0380063550335483	0	-0.0022346635620149047	-0.0011256449664516222	0.00007
WONB9_2	-0.33432153330701253	-1.0947474311694183	0	-0.0025804666929874487	-0.001262568830581623	0.00007
WONB9_3	-0.3053338600921685	-1.1523848745058973	0	-0.0023521399078315075	-0.0012621254941027615	0.00007
WONB9_5	-0.4148231949854735	-1.1543316898757787	0	-0.003105805014526508	-0.0019493101242211708	0.00007
WONB9_B1	-0.40425035193401493	-1.0684024611365484	0	-0.0021576480659850628	-0.0014785388634517282	0.00007
WONB9_B4	-0.44342322097378134	-1.0980536034755142	0	-0.0033567790262186703	-0.0019443965244858585	0.00007
WONB9_B15	-0.3614126763383793	-1.188778423477587	0	-0.0031493236616206843	-0.0017815765224129532	0.00007