23	0.431415160007745	-0.09331608482549865	4.440892098500626e-16	0.0015348399922550104	-0.00013391517450135615	0.00041999999999955593
WONB2	-1.2365422201679508	-0.24115305714364968	-4.440892098500626e-16	-0.012600779832049103	-0.0023169428563503125	0.00007000000000044408
WONB3	1.1229961765923802	0.4491383853865244	0	0.008878823407619807	0.00407461461347558	0.00007
WONB4	1.9859887162008143	0.47168854531642723	0	0.02965928379918581	0.007790454683572756	0.00007
WONB6	-2.1120577946233494	0.8837531023811	0	-0.03218820537665046	0.013099897618899958	0.00007
WONB8	-1.543664982182817	0.22952539334178645	0	-0.020763017817182927	0.0038576066582135526	0.00007
WONB9	-0.46579911592528395	-0.4623072926567747	4.440892098500626e-16	-0.0006428840747160769	-0.0020787073432252945	0.0000699999999995559
WONB10	-1.4954708903813463	0.7298974982425982	0	-0.021372109618653656	0.01051550175740179	0.00007
WONB12	-1.6239387499387363	-1.0346758350246077	0	-0.027872250061263593	-0.01635916497539225	0.00007
WONB13	-0.9442633296775148	0.31738496809200745	0	-0.006457670322485232	0.0029020319079925416	0.00007
WONB15	-1.2844815936119038	1.1086283947065914	0	-0.018341406388096226	0.014606605293408625	0.00007
WONB18	-2.1265581988618707	0.3821411828093567	0	-0.0333278011381295	0.006732817190643281	0.00007
WONB23	-2.00209474801557	-0.28640362181118073	-4.440892098500626e-16	-0.03188925198442982	-0.0036963781888192937	0.00007000000000044408
WONB25	1.3485666509102097	0.83289638046331	4.440892098500626e-16	0.015695349089790422	0.010988619536689948	0.0000699999999995559
WONB26	1.7100720876233038	1.1908354269021544	0	0.02544191237669624	0.019585573097845588	0.00007
WONB27	0.4887074769695498	0.2697199781673659	0	0.0010515230304501966	0.0020330218326340965	0.00007
WONB30	1.2152666965570933	1.1852299687394268	4.440892098500626e-16	0.014867303442906765	0.016499031260573283	0.0000699999999995559
WONB32	-0.5150961505593411	0.7387987034340592	0	-0.002804849440658841	0.004075296565940856	0.00007
WONB33	-0.1403784565703117	0.06116219005947786	0	0.000004456570311700547	0.0008888099405221436	0.00007
WONB34	1.5923464187363345	-1.0938616544493613	0	0.02453258126366542	-0.020094345550638604	0.00007
WONB38	1.7296200610393555	-0.31942036882968117	4.440892098500626e-16	0.024115938960644456	-0.006087631170318852	0.0000699999999995559
WONB40	2.0572265401482985	0.9072020764542902	0	0.03179945985170152	0.016069923545709797	0.00007
WONB42	0.08209088897940633	-0.9591283321497448	0	0.0005481110205936696	-0.0068766678502552026	0.00007
WONB46	0.6667671999313711	1.182232026602612	0	0.0058418000686288885	0.011929973397387883	0.00007
WONB47	0.9123676331711692	-0.5367989451952486	4.440892098500626e-16	0.006076366828830837	-0.0046990548047514125	0.0000699999999995559
WONB10_1	-1.414361138960755	0.7480856963660248	0	-0.01947086103924489	0.01012830363397521	0.00007
WONB10_2	-1.4505694220516192	0.7131063994508272	0	-0.02034357794838071	0.010605600549172811	0.00007
WONB10_3	-1.4874641342204558	0.6777666099659009	0	-0.020317865779544197	0.009912390034099161	0.00007
WONB10_5	-1.5393397245442173	0.7452613839954584	0	-0.02172727545578268	0.011041616004541566	0.00007
WONB10_B1	-1.4584470246380017	0.7639186877133777	-4.440892098500626e-16	-0.020848975361998257	0.011001312286622378	0.00007000000000044408
WONB10_B5	-1.5187315112803865	0.781847978772743	0	-0.023068488719613534	0.011825021227256927	0.00007
WONB10_B8	-1.5734156599144125	0.7678583591345363	0	-0.023154340085587588	0.011215640865463783	0.00007
WONB12_1	-1.5111169885723637	-0.9888280664427963	4.440892098500626e-16	-0.024093011427636313	-0.015052933557203718	0.0000699999999995559
WONB12_2	-1.5547872132837282	-1.0606801773902403	0	-0.026686786716271893	-0.01654882260975965	0.00007
WONB12_3	-1.6006533834148629	-1.1330433308050394	0	-0.02770461658513712	-0.01788266919496051	0.00007
WONB12_5	-1.688954661734333	-1.011046967314259	0	-0.02910433826566705	-0.015011032685740888	0.00007
WONB12_B1	-1.5783702976518168	-0.9637573712257883	4.440892098500626e-16	-0.02706170234818317	-0.014423628774211661	0.0000699999999995559
WONB12_B5	-1.6675672030998414	-0.9371841680944769	4.440892098500626e-16	-0.028912796900158577	-0.014254831905523124	0.0000699999999995559
WONB12_B10	-1.7697923342155975	-1.0286890666233894	0	-0.029198665784402555	-0.01636593337661063	0.00007
WONB13_1	-0.8565609620013974	0.3172229538115644	0	-0.0049390379986026245	0.0024850461884355912	0.00007
WONB13_2	-0.9056801435020082	0.28452845972696483	0	-0.006044856497991802	0.002529540273035147	0.00007
WONB13_3	-0.9558303955336973	0.2508697947787001	0	-0.006409604466302676	0.002688205221299922	0.00007
WONB13_5	-0.9824032859595733	0.3486563543779809	0	-0.0073827140404267855	0.003194645622019099	0.00007
WONB13_B1	-0.8952795055518805	0.35023147338055605	0	-0.005839494448119487	0.002808526619443974	0.00007
WONB13_B5	-0.9477686411513009	0.38885906867244124	0	-0.006774358848699147	0.0036669313275587423	0.00007
WONB13_B11	-1.044156680173203	0.34198623624555713	0	-0.008193319826796941	0.0035247637544428834	0.00007
WONB15_B5	-1.3698228712629807	1.0963269316585258	0	-0.019569128737019215	0.014745068341474266	0.00007
WONB15_B13	-1.2938006033009724	1.0613204190385863	0	-0.01828639669902765	0.014518580961413674	0.00007
WONB18_1	-2.1534867679071255	0.3177440735540802	0	-0.034987232092874354	0.005408926445919837	0.00007
WONB18_2	-2.1832309445765032	0.34867614483302845	0	-0.03456705542349692	0.0061678551669715476	0.00007
WONB18_5	-2.0703459478950395	0.4136612104249684	0	-0.03220705210496044	0.006744789575031607	0.00007
WONB18_B1	-2.097498781270567	0.3520768419314544	0	-0.033446218729432875	0.005685158068545637	0.00007
WONB18_B6	-2.012165118392833	0.409367091856935	0	-0.03146588160716712	0.006846908143064989	0.00007
WONB18_B9	-2.0224580701333643	0.4502417302895413	0	-0.031618929866635614	0.007325269710458715	0.00007
WONB20_1	0.1832131579504059	0.9123602121401431	0	0.0008138420495940879	0.005416787859856886	0.00007
WONB20_2	0.174872765677186	0.9513652323813953	0	0.0005832343228140136	0.005670767618604744	0.00007
WONB20_3	0.16634064246680794	0.9903495925182907	0	0.001094357533192064	0.006080407481709349	0.00007
WONB20_5	0.2940084531853039	0.9624445660030194	0	0.0016255468146961216	0.006095433996980537	0.00007
WONB20_B1	0.24363010230024934	0.9192185515641046	0	0.0010628976997506534	0.005257448435895373	0.00007
WONB20_B11	0.32311358974166626	0.9947530108667574	0	0.001711410258333712	0.006884989133242647	0.00007
WONB23_1	-1.9054770356861062	-0.2975174348937959	4.440892098500626e-16	-0.030872964313893858	-0.003799565106204106	0.0000699999999995559
WONB23_2	-1.9737272204246747	-0.3323717398728224	0	-0.03162677957532534	-0.004311260127177585	0.00007
WONB23_3	-2.043023548236288	-0.3687541905268089	4.440892098500626e-16	-0.03355145176371188	-0.005511809473191076	0.0000699999999995559
WONB23_5	-2.028644104732562	-0.24290816674535443	0	-0.03185589526743815	-0.0037518332546455646	0.00007
WONB23_B1	-1.9339941058120762	-0.25117846414566075	-4.440892098500626e-16	-0.03111489418792379	-0.0032005358543392703	0.00007000000000044408
WONB23_B6	-1.9914778153840502	-0.1903069604650148	4.440892098500626e-16	-0.0314341846159496	-0.0023720395349851875	0.0000699999999995559
WONB23_B14	-2.084243257560206	-0.2905755982271436	-4.440892098500626e-16	-0.03370974243979408	-0.0033624017728563493	0.00007000000000044408
WONB25_1	1.415317647214405	0.8502853042693432	0	0.016682352785595045	0.011599695730656778	0.00007
WONB25_2	1.4036017275890533	0.8171563572266786	0	0.01687627241094658	0.0113766427733214	0.00007
WONB25_3	1.3915710078192773	0.7828458645999435	0	0.01646099218072261	0.01087413540005644	0.00007
WONB25_B1	1.3606318062070755	0.8663685860386581	4.440892098500626e-16	0.01601319379292443	0.012133413961341932	0.0000699999999995559
WONB25_B7	1.2534448486853085	0.8752439468619957	0	0.014363151314691569	0.011108053138004337	0.00007
WONB25_B10	1.2395348306655711	0.8398154845093267	0	0.013539169334428891	0.010245515490673207	0.00007
WONB26_1	1.7310607513310161	1.2267036252604084	4.440892098500626e-16	0.02587624866898386	0.019809374739591545	0.0000699999999995559
WONB26_3	1.7814669584352913	1.1673998700085364	-4.440892098500626e-16	0.026748041564708558	0.018832129991463553	0.00007000000000044408
WONB26_B11	1.6520020056773372	1.1516165710400172	0	0.02372499432266273	0.018753428959982665	0.00007
WONB27_1	0.5167867819051651	0.3397262550447653	-4.440892098500626e-16	0.0012672180948348766	0.0016977449552347257	0.00007000000000044408
WONB27_2	0.5502986725339701	0.2918342708045334	4.440892098500626e-16	0.001879327466029812	0.0018987291954666308	0.0000699999999995559
WONB27_3	0.5845169831583319	0.24400383686306718	4.440892098500626e-16	0.0013830168416680833	0.0020151631369328127	0.0000699999999995559
WONB27_5	0.42640721896538936	0.24734560898940447	4.440892098500626e-16	0.0009317810346106681	0.0015263910105955403	0.0000699999999995559
WONB27_B1	0.45558311995051354	0.3174558211760323	0	0.0010168800494864683	0.0020181788239676535	0.00007
WONB27_B7	0.35610350924772693	0.2536061998568663	4.440892098500626e-16	0.0008784907522730867	0.001626800143133711	0.0000699999999995559
WONB27_B12	0.43736946683886074	0.19460077880493779	4.440892098500626e-16	0.000849533161139282	0.0015922211950622212	0.0000699999999995559
WONB2_1	-1.1782701084284743	-0.17013593095987495	0	-0.010105891571525749	-0.001292069040125049	0.00007
WONB2_2	-1.1678850908877116	-0.22064996279465465	0	-0.010808909112288267	-0.0019320372053453494	0.00007
WONB2_3	-1.1573897264610664	-0.27197616633641575	0	-0.010352273538933643	-0.0031158336635842554	0.00007
WONB2_5	-1.304598944462907	-0.263324930667846	4.440892098500626e-16	-0.015054055537093047	-0.002779069332153994	0.0000699999999995559
WONB2_B1	-1.2462949036518698	-0.18992125328610615	0	-0.012345096348130191	-0.0015787467138938527	0.00007
WONB2_B4	-1.3140748495014147	-0.21152396014044905	4.440892098500626e-16	-0.015112150498585164	-0.0020330398595509447	0.0000699999999995559
WONB2_B8	-1.3739647818141416	-0.27258020340417977	0	-0.016091218185858347	-0.0033307965958202512	0.00007
WONB30_1	1.2883693498657787	1.1738346395800263	0	0.0161066501342213	0.016704360419973696	0.00007
WONB30_2	1.2492100960220642	1.1574350996113882	0	0.015448903977935746	0.016057900388611657	0.00007
WONB30_3	1.2091133066960487	1.1405896038456491	0	0.014619693303951298	0.015521396154350997	0.00007
WONB30_5	1.1812022960194046	1.2101886339709975	0	0.014667703980595359	0.016771366029002532	0.00007
WONB30_B1	1.2542370390022313	1.2009528024730416	0	0.015886960997768762	0.016852197526958435	0.00007
WONB30_B7	1.1735071659694858	1.2393571917856796	-4.440892098500626e-16	0.01451683403051418	0.017548808214320477	0.00007000000000044408
WONB30_B15	1.1667952012913279	1.1783079531571194	-4.440892098500626e-16	0.01412179870867214	0.016433046842880605	0.00007000000000044408
WONB31_1	-0.8784025039325054	-1.1986641842957395	0	-0.012761496067494549	-0.0162488157042604	0.00007
WONB31_2	-0.8653574376865053	-1.2769453174981031	0	-0.01348356231349468	-0.018973682501896905	0.00007
WONB31_B1	-0.9600975409166461	-1.221180243229204	-4.440892098500626e-16	-0.014483459083353911	-0.017634756770795956	0.00007000000000044408
WONB32_1	-0.45028616183908426	0.7741715788827788	4.440892098500626e-16	-0.0021728381609157355	0.003937421117221285	0.0000699999999995559
WONB32_2	-0.4597357901254307	0.7357393343231473	0	-0.002173209874569315	0.003536665676852735	0.00007
WONB32_3	-0.46942016782256596	0.697764733844305	4.440892098500626e-16	-0.0018828321774340684	0.003231266155694912	0.0000699999999995559
WONB32_5	-0.570627555644475	0.7416343009279509	4.440892098500626e-16	-0.0031704443555250483	0.004291699072049071	0.0000699999999995559
WONB32_B1	-0.5053701502641373	0.7773410233408404	0	-0.002721849735862647	0.004110976659159604	0.00007
WONB32_B8	-0.6219801872005111	0.7533418416518153	0	-0.0036178127994889175	0.004377158348184751	0.00007
WONB32_B12	-0.59914218127996	0.7076984255113214	0	-0.003425818720039997	0.004085574488678523	0.00007
WONB33_1	-0.0494917040511673	0.07185784637438225	0	0.00036570405116729404	0.0006601536256177487	0.00007
WONB33_2	-0.0875208061206674	0.030555859307628212	0	-0.00005019387933259678	0.0008061406923717887	0.00007
WONB33_3	-0.1265834499539055	-0.011792065755746692	0	0.00018644995390548758	0.0008370657557466923	0.00007
WONB33_5	-0.19209496908349694	0.08867109509925598	0	-0.00014403091650305733	0.0009339049007440203	0.00007
WONB33_B1	-0.10168101771093563	0.10215461076198064	0	0.00013701771093563297	0.001038389238019355	0.00007
WONB33_B8	-0.2332599748511509	0.12302517809281521	0	-0.0001380251488490858	0.0008988219071847936	0.00007
WONB33_B13	-0.23158527934057355	0.048032509878587384	0	-0.00019672065942644146	0.0008664901214126136	0.00007
WONB34_1	1.6535724996056582	-1.0204625130447798	-4.440892098500626e-16	0.02582450039434181	-0.019529486955220277	0.00007000000000044408
WONB34_2	1.671554719534748	-1.0956653517101245	0	0.027192280465252017	-0.020140648289875607	0.00007
WONB34_3	1.6897077699115148	-1.1739372458862527	0	0.02796523008848517	-0.021306754113747273	0.00007
WONB34_5	1.5117570618251481	-1.0926391894942717	0	0.022761938174851837	-0.018979810505728167	0.00007
WONB34_B1	1.5753134987845538	-1.0179628266165188	4.440892098500626e-16	0.0239475012154462	-0.01885717338348125	0.0000699999999995559
WONB34_B8	1.4300590016169816	-1.074553106725586	0	0.021333998383018304	-0.01811989327441399	0.00007
WONB34_B14	1.554298987384056	-1.1663882289849425	0	0.02422401261594387	-0.021252771015057403	0.00007
WONB37_3	-0.16607516769866437	1.0828042003972573	0	-0.0013498323013356184	0.007028799602742719	0.00007
WONB37_5	-0.0518099692672006	1.0818115641853843	0	-0.0006790307327994016	0.0073994358146156625	0.00007
WONB37_B1	-0.08441729439145942	1.0385536279294827	0	0.0008332943914594187	0.006984372070517386	0.00007
WONB38_1	1.8307569823568173	-0.3565387418638696	0	0.027080017643182686	-0.00766425813613042	0.00007
WONB38_2	1.7699102937807456	-0.3773659330377025	0	0.02502070621925445	-0.0066260669622975055	0.00007
WONB38_3	1.7085114776814632	-0.3988495845716117	0	0.02382052231853682	-0.00713441542838833	0.00007
WONB38_5	1.689193882329316	-0.26481296387803954	4.440892098500626e-16	0.023185117670684097	-0.0051750361219604635	0.0000699999999995559
WONB38_B1	1.7902146109291084	-0.2992162282097083	4.440892098500626e-16	0.026314389070891675	-0.006119771790291717	0.0000699999999995559
WONB38_B9	1.6367262759430725	-0.2175020885981005	4.440892098500626e-16	0.02108172405692743	-0.004311911401899515	0.0000699999999995559
WONB38_B14	1.645498153357022	-0.3014524142610493	-4.440892098500626e-16	0.02214284664297783	-0.0051735857389507145	0.00007000000000044408
WONB3_2	1.068437484274694	0.4342021151162201	0	0.007035515725305919	0.0053458848837799056	0.00007
WONB3_3	1.0403513146647563	0.473887189677199	-4.440892098500626e-16	0.0037306853352436775	0.004149810322800984	0.00007000000000044408
WONB3_5	1.1774205985587136	0.46378124256917974	0	0.01006240144128645	0.004683757430820279	0.00007
WONB3_B1	1.1519917048410508	0.4080860902733877	0	0.009338295158949128	0.00401590972661231	0.00007
WONB3_B4	1.206754727381258	0.4234869166596281	0	0.010673272618741958	0.0044310833403719	0.00007
WONB3_B9	1.2232360094578159	0.4864622571677715	0	0.011344990542184075	0.004909742832228503	0.00007
WONB40_2	2.1027771532844475	0.9193129564581968	0	0.032670846715552315	0.015086043541803207	0.00007
WONB40_3	2.1387730163702754	0.8877493398677261	0	0.03413498362972467	0.014688660132273879	0.00007
WONB40_5	2.0119748328782645	0.8941733147768346	0	0.031221167121735505	0.01504368522316546	0.00007
WONB40_B1	2.0227658087766422	0.9406733300112705	0	0.03200819122335785	0.016096669988729495	0.00007
WONB40_B10	1.9916686217979556	0.8648042646468738	0	0.029106378202044425	0.014434735353126227	0.00007
WONB40_B13	2.0471185023060823	0.8614387860085856	0	0.03135349769391782	0.014552213991414376	0.00007
WONB42_1	0.1678750959062715	-0.8958916511922302	0	0.0010489040937284866	-0.00558534880776973	0.00007
WONB42_2	0.1600213695341576	-0.9696775081906828	0	0.0012076304658424075	-0.007374491809317263	0.00007
WONB42_3	0.15218039902724234	-1.0449525283099472	-4.440892098500626e-16	0.0011206009727576516	-0.009151471690052704	0.00007000000000044408
WONB42_5	0.004320240206917174	-0.9503228499753456	0	0.00006275979308282588	-0.006490150024654473	0.00007
WONB42_B1	0.09133505178075481	-0.8855025367601495	4.440892098500626e-16	-0.00007805178075480368	-0.0054874632398504986	0.0000699999999995559
WONB42_B10	-0.06713402762736323	-0.9834944042539628	4.440892098500626e-16	-0.0006279723726367731	-0.00748759574603719	0.0000699999999995559
WONB42_B15	0.04816534947303896	-1.0268318723382384	0	0.00011265052696104311	-0.008232127661761623	0.00007
WONB43_1	-0.6026163476261379	1.1038730634690386	0	-0.006248652373862074	0.009745936530961341	0.00007
WONB43_2	-0.5812473257960777	1.0774999888866137	0	-0.004556674203922251	0.009275011113386356	0.00007
WONB43_3	-0.5591031023059916	1.0506106176059389	0	-0.0029988976940084067	0.0085373823940611	0.00007
WONB43_B1	-0.650407823364509	1.0902188151537116	0	-0.006583176635491017	0.009951184846288541	0.00007
WONB43_B11	-0.6904409835334269	1.013378855767847	0	-0.005973016466573111	0.008387144232153032	0.00007
WONB46_1	0.7388163821102197	1.176138503469071	4.440892098500626e-16	0.006821617889780307	0.012591496530929058	0.0000699999999995559
WONB46_2	0.7028905385782842	1.1568624858633523	0	0.006286461421715739	0.011860514136647682	0.00007
WONB46_3	0.6665557523873814	1.1371252032437356	0	0.005648247612618618	0.010842796756264539	0.00007
WONB46_5	0.6306252073338192	1.205036865736884	0	0.0056457926661808155	0.012203134263116144	0.00007
WONB46_B2	0.6889619684442247	1.2082901822293517	0	0.006435031555775295	0.012515817770648363	0.00007
WONB46_B5	0.6527997193572715	1.2301828706575915	0	0.005943280642728421	0.012990129342408618	0.00007
WONB46_B8	0.6040656017004191	1.2314666255117372	0	0.005175398299580913	0.012432374488262843	0.00007
WONB47_1	0.9700030501944648	-0.470683900982492	0	0.006622949805535239	-0.0040390990175079855	0.00007
WONB47_2	0.9843047161612433	-0.5339237499588577	0	0.0075372838387567365	-0.004984250041142335	0.00007
WONB47_3	0.9995360067407854	-0.5975123232308672	0	0.007980993259214642	-0.006261676769132807	0.00007
WONB47_5	0.839838480054873	-0.5409751788056201	0	0.0048055199451269015	-0.004193821194379943	0.00007
WONB47_B2	0.876309142120188	-0.4779975891127154	4.440892098500626e-16	0.004688857879811992	-0.003904410887284604	0.0000699999999995559
WONB47_B5	0.8040714767202032	-0.4823307873009022	-4.440892098500626e-16	0.004009523279796867	-0.0030482126990978298	0.00007000000000044408
WONB47_B9	0.7718323764269297	-0.5594636004380499	4.440892098500626e-16	0.004130623573070258	-0.003842399561950094	0.0000699999999995559
WONB4_1	2.0424977769148205	0.5050468542915058	0	0.031092223085179338	0.008815145708494287	0.00007
WONB4_2	2.0482692227536563	0.4620263427327923	4.440892098500626e-16	0.030571777246343856	0.007216657267207716	0.0000699999999995559
WONB4_3	2.0542563861267062	0.41820837455178406	0	0.03117361387329387	0.007149625448215957	0.00007
WONB4_5	1.9232810435692924	0.48039251724365917	0	0.028273956430707514	0.007967482756340849	0.00007
WONB4_B1	1.980863643568076	0.5148849675130515	0	0.02916135643192419	0.00916803248694853	0.00007
WONB4_B4	1.9187151224319225	0.5235470502769348	0	0.028666877568077398	0.009126949723065159	0.00007
WONB4_B10	1.8722920106243626	0.4640657081335018	0	0.026566989375637506	0.008064291866498208	0.00007
WONB6_2	-2.058225192699169	0.9055571181077036	0	-0.03139580730083136	0.013355881892296417	0.00007
WONB6_3	-2.0367949703450177	0.876449779900556	0	-0.032425029654982396	0.012844220099444081	0.00007
WONB6_B1	-2.132951865944847	0.9137553337213129	0	-0.0321901340551527	0.013435666278687086	0.00007
WONB8_1	-1.4536658580375084	0.23213315238042911	-4.440892098500626e-16	-0.018585141962491614	0.0038998476195708787	0.00007000000000044408
WONB8_2	-1.505847122316854	0.1953971909352518	0	-0.020154877683146166	0.003348809064748215	0.00007
WONB8_3	-1.5588424020283895	0.1576981748873998	0	-0.020977597971610473	0.0027908251126002037	0.00007
WONB8_5	-1.579408482638895	0.2610233319205687	0	-0.0219005173611051	0.004273668079431303	0.00007
WONB8_B1	-1.491952306203554	0.2668516706764711	0	-0.019626693796445993	0.0042103293235289385	0.00007
WONB8_B4	-1.528474337012322	0.2992304029963927	0	-0.020757662987678005	0.004901597003607316	0.00007
WONB8_B14	-1.616838539319515	0.21464642579753246	0	-0.022560460680485006	0.003932574202467537	0.00007
WONB9_1	-0.36847174932454985	-0.42902262719103623	0	-0.0007312506754501569	-0.0009333728089637727	0.00007
WONB9_2	-0.4008983933533679	-0.485715534272099	-4.440892098500626e-16	-0.0009406066466320917	-0.0014584657279009816	0.00007000000000044408
WONB9_3	-0.43406924997870583	-0.5431894288714656	4.440892098500626e-16	-0.0012197500212941526	-0.002245571128534407	0.0000699999999995559
WONB9_5	-0.5301289436788662	-0.4395282234711919	0	-0.0015640563211337666	-0.0014047765288081049	0.00007
WONB9_B1	-0.4329944875693534	-0.4056606957239277	0	-0.0006605124306466315	-0.0010003042760722836	0.00007
WONB9_B4	-0.49658699920171906	-0.3836129283830425	0	-0.001093000798280952	-0.001335071616957506	0.00007
WONB9_B15	-0.5189719950215023	-0.5082264399925368	4.440892098500626e-16	-0.001632004978497692	-0.0021315600074631735	0.0000699999999995559