44	-1.4523616556244634	0.7800724105182744	0	0.004061655624463478	0.01582758948172569	0.00042
45	-0.6226916185989358	-0.20320309510550005	-4.440892098500626e-16	0.0017916185989358402	0.001603095105500052	0.0004200000000004441
46	-1.2099984191265458	0.7448363309682112	0	-0.0030235808734542235	0.0063876690317887785	0.00007
47	-0.4038830778260414	-0.17798264083396176	0	-0.004216922173958637	0.007882640833961757	0.00042
48	-0.49501555380821544	-0.0495326424332238	0	-0.00026244619178455997	-0.00035135756677619895	0.00007
WONB2	-1.7595253496953378	-0.8797105970727644	0	-0.0027726503046621165	-0.008873402927235596	0.00007
WONB3	-0.46161135472447656	0.3365331624723898	0	0.00005735472447654377	0.001226837527610214	0.00007
WONB4	0.33292809577407734	0.674280885980109	0	0.00023190422592267446	0.0006881140198909952	0.00007
WONB5	0.6961577406846002	-0.884158078784952	-4.440892098500626e-16	0.0035282593153997954	-0.0024249212150480037	0.00007000000000044408
WONB8	-2.0443951114373573	-0.4861110251754601	0	0.00031411143735748936	-0.0063009748245398955	0.00007
WONB9	-1.3272607268771364	-1.0033542663109776	0	-0.005340273122863559	-0.008093733689022331	0.00007
WONB10	-2.2048840293803207	0.030220633432631358	0	-0.000038970619679279395	0.0008023665673686405	0.00007
WONB13	-1.779600878580837	-0.30005725317966087	0	-0.0012091214191629618	-0.003700746820339107	0.00007
WONB15	-2.252453767252318	0.5418491002962383	0	0.00024376725231833873	0.00855089970376166	0.00007
WONB17	1.9539708857713145	0.3129696407338386	0	0.0009361142286854474	0.004065359266161417	0.00007
WONB19	2.1032418214251174	-0.9320137872086051	4.440892098500626e-16	0.00006417857488250078	-0.009046212791394947	0.0000699999999995559
WONB20	-1.4524353476541234	0.47511318910487393	0	-0.0012756523458765656	0.00541581089512605	0.00007
WONB22	0.8311344092801937	-0.06970895958139013	0	-0.00042440928019371604	-0.00006804041860987431	0.00007
WONB25	-0.31344617568113436	1.058283520373165	0	-0.0026668243188656127	0.0016824796268348763	0.00007
WONB27	-1.1158985361179488	-0.3847491561136384	0	-0.0002384638820511764	-0.003865843886361575	0.00007
WONB29	1.15432319467146	0.9933238548202422	4.440892098500626e-16	0.004717805328539937	0.006090145179757811	0.0000699999999995559
WONB38	0.10210553368186559	-0.5422714134038029	0	0.0008394663181344048	0.00006241340380286342	0.00007
WONB47	-0.49064041269774117	-0.909948850837429	0	-0.00302258730225885	-0.002070149162570978	0.00007
WONB10_1	-2.1732357149282735	0.06736524549293321	4.440892098500626e-16	-0.00013228507172646786	0.0016607545070667917	0.0000699999999995559
WONB10_2	-2.177017392600895	0.021012720893242555	4.440892098500626e-16	-0.000004607399104905596	0.0009832791067574467	0.0000699999999995559
WONB10_3	-2.1810348721264567	-0.02526661728493369	0	-0.0004661278735431651	0.00024161728493369075	0.00007
WONB10_5	-2.230968810815557	0.039254383129463395	0	-0.0005671891844429844	0.0010286168705366042	0.00007
WONB10_B1	-2.200274007885755	0.07636892969732195	0	-0.00023599211424496502	0.001221070302678054	0.00007
WONB10_B5	-2.2351240255326967	0.08532847884600607	4.440892098500626e-16	-0.000460974467303199	0.0019225211539939252	0.0000699999999995559
WONB10_B8	-2.2552170862198526	0.0582569399254152	0	-0.0006699137801473576	0.0013910600745847962	0.00007
WONB13_1	-1.7323475930852301	-0.2827594309140388	0	-0.0009954069147699585	-0.0036845690859611535	0.00007
WONB13_2	-1.748197499762945	-0.3263070601043384	0	-0.001492500237054939	-0.004751939895661583	0.00007
WONB13_3	-1.7637084808894574	-0.36974266248390353	-4.440892098500626e-16	-0.0012115191105426248	-0.004882337516096458	0.00007000000000044408
WONB13_5	-1.8095663600483656	-0.27402237541176	0	-0.00048263995163444484	-0.003703624588239973	0.00007
WONB13_B1	-1.7644774733148174	-0.2565875528809513	0	-0.0009635266851826252	-0.003344447119048688	0.00007
WONB13_B5	-1.8044561500683864	-0.22464555919688547	0	-0.0008998499316135167	-0.0029394408031145347	0.00007
WONB13_B11	-1.8389873446890395	-0.2916170789928903	0	-0.00027165531096051687	-0.00351892100710971	0.00007
WONB15_B5	-2.2904077940291376	0.5014781643091889	0	0.0002197940291375211	0.007663835690811083	0.00007
WONB17_5	1.8651816504878873	0.27371465095516173	0	0.0009903495121126316	0.0034503490448382634	0.00007
WONB17_B5	1.7985785896684388	0.33542532628527083	0	0.0010734103315612753	0.004154673714729162	0.00007
WONB19_1	2.1724063540408185	-0.8254565411928629	0	-0.00016035404081859994	-0.009838458807137074	0.00007
WONB19_2	2.2030320426495	-0.9161771405061645	0	-0.001050042649499705	-0.00903085949383553	0.00007
WONB19_3	2.2320602350303527	-1.006041633591813	0	-0.0019232350303526324	-0.009440366408187018	0.00007
WONB19_5	2.006594817217963	-0.9463771073882183	-4.440892098500626e-16	0.0013441827820370733	-0.010312892611781699	0.00007000000000044408
WONB19_B1	2.0737744071009376	-0.8424908345666035	0	0.0006805928990623045	-0.009387165433396572	0.00007
WONB19_B6	1.9256632452098197	-0.8860127998886232	0	0.002025754790180301	-0.00985420011137672	0.00007
WONB19_B10	1.9410376247967365	-1.004358639283669	0	0.001970375203263597	-0.009235360716331131	0.00007
WONB20_1	-1.4721619754148423	0.39373402921662165	0	-0.0007300245851578069	0.004551970783378323	0.00007
WONB20_2	-1.489035467332965	0.44905827880272725	0	-0.001107532667034894	0.005107721197272763	0.00007
WONB20_3	-1.5068053617432118	0.5041256083281315	0	-0.0015086382567881529	0.006041391671868568	0.00007
WONB20_5	-1.4122287141356433	0.5015474851668218	0	-0.0012572858643566942	0.00539451483317821	0.00007
WONB20_B1	-1.4350219648608118	0.4195002669241356	0	-0.0006140351391881183	0.004782733075864409	0.00007
WONB20_B6	-1.3729538781051214	0.47397582590941284	0	-0.001292121894878706	0.005122174090587184	0.00007
WONB20_B11	-1.4006019208120208	0.5619661400093032	4.440892098500626e-16	-0.0016380791879790912	0.006235859990696757	0.0000699999999995559
WONB22_1	0.8808745317884232	0.026676448381969562	-4.440892098500626e-16	-0.0006205317884232509	-0.00006244838196956329	0.00007000000000044408
WONB22_2	0.9037683341981528	-0.047165759986268437	0	-0.0005063341981528247	-0.0003962400137315636	0.00007
WONB22_3	0.9274139536549479	-0.12210462259840123	0	-0.0009009536549479114	-0.000051377401598773353	0.00007
WONB22_5	0.7611340504987653	-0.09125196927764867	0	-0.0003690504987652332	-0.0003330307223513296	0.00007
WONB22_B1	0.808465990773756	0.0036104432211069948	4.440892098500626e-16	-0.0005609907737560427	-0.0001294432211069946	0.0000699999999995559
WONB22_B6	0.700842452327524	-0.04805187277540764	0	-0.000440452327523988	-0.000047127224592359573	0.00007
WONB22_B13	0.7837330408656312	-0.16409727470301205	0	-0.0002600408656312503	-0.0005957252969879534	0.00007
WONB23_1	-2.0329148841064772	-0.9862088221751077	0	-0.0004751158935225597	-0.009892177824892268	0.00007
WONB23_2	-2.0516141261371224	-1.0221021137746622	0	-0.0003938738628774807	-0.010181886225337777	0.00007
WONB23_5	-2.1017267773127286	-0.9571889784966586	0	-0.00032922268727153536	-0.009613021503341423	0.00007
WONB23_B1	-2.0598479843052946	-0.9536051852723555	0	-0.00006201569470531965	-0.009525814727644466	0.00007
WONB23_B6	-2.1016424600481862	-0.908909171127641	0	0.0003224600481863682	-0.009860828872358951	0.00007
WONB25_1	-0.2501131964299306	1.12479721031979	0	-0.0026718035700694087	0.001145789680209841	0.00007
WONB25_2	-0.25819460986616	1.0562410448520976	0	-0.002289390133839997	0.001128955147902344	0.00007
WONB25_3	-0.2657733120151092	0.9875803062102771	0	-0.002036687984890817	0.0011346937897228626	0.00007
WONB25_5	-0.366300808259756	1.0597046032313597	0	-0.002975191740244021	0.0018833967686402442	0.00007
WONB25_B1	-0.3061600481734862	1.1265087177627078	0	-0.0031339518265138255	0.0016062822372922003	0.00007
WONB25_B7	-0.40587428451926927	1.0965040317872798	0	-0.002675715480730756	0.0022879682127201484	0.00007
WONB25_B10	-0.4137602006222734	1.0247808730797088	0	-0.003180799377726584	0.0020521269202913306	0.00007
WONB27_1	-1.1125440688817763	-0.2953508946246066	0	0.000059068881776314086	-0.0028681053753933927	0.00007
WONB27_2	-1.080417005497025	-0.34659306068709483	0	-0.00035899450297494084	-0.0032899393129051657	0.00007
WONB27_3	-1.0490174742549145	-0.39838259901982204	0	-0.0007085257450853977	-0.003896400980177961	0.00007
WONB27_5	-1.1509717903157677	-0.42243076553975323	0	-0.0009402096842323626	-0.004359234460246775	0.00007
WONB27_B1	-1.1471782806589161	-0.3337053482791185	0	-0.00023671934108393522	-0.0034756517208814897	0.00007
WONB27_B7	-1.1958692075476192	-0.4265987495144427	0	-0.0013607924523808546	-0.004505250485557277	0.00007
WONB27_B12	-1.1341490143752615	-0.48340186000455	0	-0.001548985624738597	-0.004793139995450002	0.00007
WONB29_1	1.2106062986173596	1.1031970213738702	4.440892098500626e-16	0.0064207013826405035	0.006048978626129742	0.0000699999999995559
WONB29_2	1.23593784591314	1.0265541739881032	4.440892098500626e-16	0.004324154086859933	0.006237826011896708	0.0000699999999995559
WONB29_3	1.2597723402507037	0.9488155777490508	0	0.003877659749296214	0.00607442225094923	0.00007
WONB29_5	1.0760117879611488	0.9619493546549243	0	0.004409212038851251	0.0046866453450757906	0.00007
WONB29_B1	1.1314101529275886	1.0703904927880208	4.440892098500626e-16	0.005170847072411444	0.005402507211979213	0.0000699999999995559
WONB29_B7	1.0005457467932473	0.9762356642831064	-4.440892098500626e-16	0.003164253206752843	0.0033083357168935956	0.00007000000000044408
WONB29_B14	1.1236862501798923	0.9001718884205913	0	0.003918749820107648	0.004860111579408688	0.00007
WONB2_1	-1.75119312487121	-0.8090846527077491	0	-0.003243875128789986	-0.008742347292250874	0.00007
WONB2_2	-1.7334409344435728	-0.8550624789404522	0	-0.0031110655564272616	-0.00922552105954777	0.00007
WONB2_3	-1.7158214400629896	-0.901461517955476	-4.440892098500626e-16	-0.003537559937010437	-0.009166482044523971	0.00007000000000044408
WONB2_5	-1.7834869593094915	-0.9038480270739587	0	-0.0031610406905084876	-0.009365972926041244	0.00007
WONB2_B1	-1.7774367153912602	-0.8339657760124165	0	-0.0029792846087397518	-0.009209223987583504	0.00007
WONB2_B4	-1.8015161786646487	-0.8582534299092869	0	-0.0026958213353511784	-0.009213570090713108	0.00007
WONB2_B8	-1.8112193353618946	-0.916614912293684	0	-0.0027366646381052906	-0.009701087706316058	0.00007
WONB34_1	0.07093473293505205	-1.2961702287596413	-4.440892098500626e-16	0.00043826706494795586	-0.0009897712403588166	0.00007000000000044408
WONB34_B1	0.013062671183576511	-1.3021923384559595	-4.440892098500626e-16	-0.0006416711835765115	0.0006653384559593967	0.00007000000000044408
WONB35_1	-1.9769661481590313	1.1360326506889344	-4.440892098500626e-16	-0.00017785184096874573	0.009934349311065516	0.00007000000000044408
WONB35_2	-1.9778962679113195	1.0850354742156332	-4.440892098500626e-16	0.000818267911319559	0.010022525784366909	0.00007000000000044408
WONB35_3	-1.9790846888205011	1.0337320982322924	4.440892098500626e-16	0.0007826888205011429	0.010493901767707703	0.0000699999999995559
WONB35_5	-2.039018119069453	1.0775973495278204	0	0.0008181190694531715	0.010378650472179674	0.00007
WONB35_B8	-2.0659742629061513	1.0850612007718814	0	0.0012002629061513836	0.010133799228118523	0.00007
WONB35_B15	-2.021321681408384	1.0325620286756678	0	0.0007776814083837458	0.010812971324332121	0.00007
WONB37_1	-1.5394541903185583	0.7850132498486778	0	-0.0024228096814415956	0.008756750151322157	0.00007
WONB37_2	-1.5611464322803894	0.8268743560150433	0	-0.00296556771961054	0.009215643984956667	0.00007
WONB37_5	-1.5095355227668277	0.8998637347737397	4.440892098500626e-16	-0.003257477233172379	0.00933526522626027	0.0000699999999995559
WONB37_B1	-1.516121906920419	0.8215297415924696	0	-0.0026000930795808674	0.008671258407530358	0.00007
WONB37_B9	-1.4828979832171911	0.944607679506683	0	-0.0036940167828087844	0.009476320493317036	0.00007
WONB37_B13	-1.5320109039890126	0.941958930792993	4.440892098500626e-16	-0.002686096010987349	0.009219069207006991	0.0000699999999995559
WONB38_1	0.18889822493466354	-0.5667724280274025	-4.440892098500626e-16	0.0012897750653364515	0.00014842802740244743	0.00007000000000044408
WONB38_2	0.13910152096509684	-0.6018945139738677	0	0.001066479034903145	0.00019551397386774472	0.00007
WONB38_3	0.09042431297735075	-0.6366090670235456	-4.440892098500626e-16	0.0009046870226492448	0.00030406702354557336	0.00007000000000044408
WONB38_5	0.06726253806167358	-0.48307899741922755	0	0.0009074619383264149	0.000019997419227535396	0.00007
WONB38_B1	0.1516435428487783	-0.5070490442314026	0	0.0009124571512217072	0.00008104423140264938	0.00007
WONB38_B9	0.023226998247252436	-0.4337060897288182	0	0.0006030017527475645	-0.00017291027118182534	0.00007
WONB38_B14	0.03286817837646125	-0.5355859542581518	-4.440892098500626e-16	0.0008018216235387496	-0.0000890457418482038	0.00007000000000044408
WONB3_1	-0.4739121669308927	0.24644381757125894	0	0.0003411669308927001	0.001370182428741068	0.00007
WONB3_2	-0.5030963677079089	0.2992859321784019	0	0.00018236770790891477	0.0013530678215981085	0.00007
WONB3_3	-0.5303633670933021	0.35123482992618565	4.440892098500626e-16	0.0003093670933020931	0.0016111700738143386	0.0000699999999995559
WONB3_5	-0.41921417920620424	0.37434008981012795	0	1.7920620426492562e-7	0.001202910189872064	0.00007
WONB3_B1	-0.4328811746974113	0.28376660655724756	0	0.000057174697411288555	0.0010373934427524434	0.00007
WONB3_B4	-0.3907822464931469	0.32129520757240004	0	0.00014924649314690397	0.0012227924275999835	0.00007
WONB3_B9	-0.3834910197947112	0.4236541903799537	0	-0.0001419802052888275	0.0012618096200462947	0.00007
WONB43_5	-1.8929964404435444	0.6376938845324948	0	-0.0003255595564555236	0.00911411546750529	0.00007
WONB43_B1	-1.894381048552326	0.7098119858493092	0	-0.0006799514476740764	0.009328014150690844	0.00007
WONB43_B14	-1.8636345605816356	0.6194776672125328	0	-0.0003204394183644599	0.008820332787467189	0.00007
WONB44_1	1.512069523896463	-1.2410531811725733	0	0.007054476103536933	-0.008265818827426719	0.00007
WONB44_B1	1.4317257369578698	-1.266527748414431	-4.440892098500626e-16	0.007294263042130211	-0.007487251585568844	0.00007000000000044408
WONB47_1	-0.4584114079635035	-0.833264181381297	4.440892098500626e-16	-0.0021745920364965032	-0.0014568186187030596	0.0000699999999995559
WONB47_2	-0.44109721288862164	-0.8962512992553846	0	-0.0023107871113783873	-0.0016207007446153998	0.00007
WONB47_3	-0.4242893677858914	-0.9595029581461468	0	-0.0027656322141086376	-0.0019250418538531155	0.00007
WONB47_5	-0.5380505431115851	-0.922805652990525	0	-0.00256445688841489	-0.00240134700947503	0.00007
WONB47_B2	-0.5225598065527087	-0.8552975464939274	0	-0.0025671934472912827	-0.0018684535060725649	0.00007
WONB47_B5	-0.5695762273472298	-0.8684922768871309	0	-0.0029977726527702364	-0.0025087231128690934	0.00007
WONB47_B9	-0.5800826680401545	-0.9493317368836687	0	-0.0034123319598454716	-0.002620263116331345	0.00007
WONB4_1	0.39483135537089115	0.758781026475989	0	0.0003756446291088289	0.0006409735240110459	0.00007
WONB4_2	0.40024325080490963	0.6851305770184173	-4.440892098500626e-16	0.0003557491950903491	0.0007784229815827048	0.00007000000000044408
WONB4_3	0.40581300691052585	0.6116832424809724	4.440892098500626e-16	0.0002939930894741427	0.0007287575190275675	0.0000699999999995559
WONB4_5	0.2674575469449576	0.663478817390426	4.440892098500626e-16	0.0002244530550423729	0.0005961826095739475	0.0000699999999995559
WONB4_B1	0.3270574586451937	0.747081725610382	-4.440892098500626e-16	0.0004875413548062757	0.0006182743896180343	0.00007000000000044408
WONB4_B4	0.2615259844009997	0.7356582635327004	0	0.00026801559900030414	0.0004037364672996313	0.00007
WONB4_B10	0.21611409624430852	0.6159255303614795	0	0.0000959037556914899	0.0005064696385205236	0.00007
WONB5_1	0.705221997554218	-0.9913467307347902	0	0.004253002445781973	-0.002854269265209819	0.00007
WONB5_2	0.6504776417272056	-0.935134792222007	0	0.00383835827279444	-0.002320207777993022	0.00007
WONB5_3	0.5975130202820353	-0.879755599530579	0	0.00287297971796463	-0.001971400469421014	0.00007
WONB5_5	0.7425451626518278	-0.83233244620792	0	0.003253837348172195	-0.002657553792079992	0.00007
WONB5_B1	0.7510087578557527	-0.9403125044329601	0	0.004239242144247313	-0.003265495567039922	0.00007
WONB5_B4	0.7978781703131015	-0.8886569202383608	-4.440892098500626e-16	0.004218829686898462	-0.0033050797616391847	0.00007000000000044408
WONB5_B11	0.7281529144835465	-0.7566351174177632	4.440892098500626e-16	0.002743085516453525	-0.002318882582236781	0.0000699999999995559
WONB8_2	-2.0142616494995402	-0.5104278214724328	4.440892098500626e-16	0.00024264949954044823	-0.007565178527567218	0.0000699999999995559
WONB8_5	-2.0714187317994748	-0.4615410973288822	0	0.0003077317994746309	-0.0065189026711177656	0.00007
WONB8_B1	-2.0346045720760157	-0.44521185046359446	4.440892098500626e-16	0.00014257207601575672	-0.006200149536405519	0.0000699999999995559
WONB8_B4	-2.0632679804315894	-0.42094614258297886	0	-0.00011601956841067462	-0.006467857417021161	0.00007
WONB9_1	-1.2827046584425703	-0.9626671913205508	0	-0.005156341557429611	-0.007975808679449248	0.00007
WONB9_2	-1.2879324007897006	-1.017745452254414	0	-0.0044645992102994025	-0.007879547745585969	0.00007
WONB9_3	-1.293747666659381	-1.0730889539096562	0	-0.005671333340619089	-0.007827046090343792	0.00007
WONB9_5	-1.3654508119194513	-0.9887805421553371	0	-0.004963188080548742	-0.008205457844662978	0.00007
WONB9_B1	-1.3225448390808259	-0.9486425481895059	0	-0.005059160919174133	-0.007642451810494166	0.00007
WONB9_B4	-1.3606339312807898	-0.9346512202361599	0	-0.004851068719210261	-0.008052779763840112	0.00007
WONB9_B15	-1.3454261362658284	-1.0503476081690308	0	-0.005148863734171671	-0.008102391830969058	0.00007