WONB3	0.10297710676410066	0.5369939395617845	0	0.0012138932358993493	0.000881060438215453	0.00007
WONB4	0.4595125251255197	1.1613262508637658	0	0.005035474874480306	0.010570749136234125	0.00007
WONB5	1.402768445683548	0.5709273051085914	4.440892098500626e-16	0.01798455431645185	0.00774469489140861	0.0000699999999995559
WONB9	0.2359822204682482	-1.0940175735846058	0	0.00010377953175177979	-0.007930426415394098	0.00007
WONB11	-1.4963696378324047	0.8607705073747796	0	-0.0219243621675953	0.011372492625220443	0.00007
WONB13	-0.7285014347862522	-1.1020166544954135	0	-0.011212565213747805	-0.012407345504586553	0.00007
WONB14	1.2706752393465237	-1.207991765410858	0	0.01682276065347632	-0.015425234589141912	0.00007
WONB15	-2.009641125397666	-0.9858930871786581	0	-0.033708874602334404	-0.01507391282134185	0.00007
WONB19	1.9205296530662874	1.1855330846583274	0	0.030834346933712675	0.017810915341672562	0.00007
WONB20	-0.6376115087778655	0.10289049812405604	0	-0.0015434912221344854	0.0002845018759439627	0.00007
WONB21	1.9273557325443156	0.26539676027918924	0	0.02976526745568453	0.004479239720810768	0.00007
WONB22	1.0773242135131953	1.0332051035627399	0	0.014399786486804622	0.013082896437260239	0.00007
WONB25	-0.17373427557906113	1.0322275264324523	0	-0.0000027244209388765928	0.006465473567547786	0.00007
WONB27	0.20360028381924528	-0.18707766959211078	0	0.0006977161807547316	0.000350669592110775	0.00007
WONB30	-0.6515317762073395	1.2838913004737396	0	-0.006509223792660501	0.01448769952626039	0.00007
WONB32	-1.0194645202599721	-0.5235573633982024	0	-0.010814479740027805	-0.005297636601797606	0.00007
WONB33	-0.08976568668352916	-0.624222826503627	0	-0.0011453133164708446	-0.0016361734963730168	0.00007
WONB34	1.3409020020627036	-0.10862282026552172	0	0.013470997937296447	-0.0006851797344782778	0.00007
WONB35	-2.0123558617829382	-0.23393057165231063	0	-0.032550138217061875	-0.004819428347689364	0.00007
WONB37	-1.2290243340122702	0.06233538640384681	0	-0.013699665987729759	-0.0003273864038468091	0.00007
WONB38	0.942224753721021	0.4015413888775863	0	0.006094246278979032	0.0024886111224137197	0.00007
WONB41	1.993780227751186	-1.0311563136526212	0	0.029510772248813932	-0.01339268634737878	0.00007
WONB42	0.784568421211982	-0.93654124258394	-4.440892098500626e-16	0.005581578788018016	-0.007378757416059978	0.00007000000000044408
WONB43	-1.5323691063430471	-0.40840385699549187	0	-0.023156893656952837	-0.006479143004508137	0.00007
WONB44	1.9057321670016423	0.7525291629773442	0	0.030217832998357785	0.012925837022655817	0.00007
WONB45	-1.9139854858098568	0.4954520604913839	0	-0.02999151419014323	0.006193939508616131	0.00007
WONB46	-0.9525417239980348	0.8255219385397112	0	-0.008863276001965126	0.007308061460288728	0.00007
WONB47	0.7947540192260606	-0.23276623287036227	0	0.0030789807739394215	-0.0006197671296377383	0.00007
WONB48	1.4075499122178643	-0.7071688704578906	0	0.01720408778213578	-0.007593129542109445	0.00007
WONB49	1.9876379402883668	-0.37904500960326515	0	0.03080905971163328	-0.004404990396734865	0.00007
WONB11_1	-1.461293041483246	0.7973217581179707	0	-0.020778958516754154	0.010206241882029343	0.00007
WONB11_2	-1.5121908934824235	0.8112684402500085	0	-0.022365106517576505	0.010318559749991407	0.00007
WONB11_3	-1.5628499835490874	0.8248177798765745	0	-0.023416016450912513	0.01085922012342555	0.00007
WONB11_5	-1.480116106654904	0.9100689239789248	4.440892098500626e-16	-0.021679893345095902	0.012263076021075237	0.0000699999999995559
WONB11_B1	-1.4460181223090214	0.8474077802765624	0	-0.020726877690978585	0.011160219723437614	0.00007
WONB11_B5	-1.4276847320942243	0.9134133169134038	0	-0.020497267905775773	0.011802683086596266	0.00007
WONB11_B9	-1.476515007684349	0.9604715442404042	-4.440892098500626e-16	-0.02171699231565105	0.013206455759595892	0.00007000000000044408
WONB13_1	-0.6877254765544033	-1.0319941069162588	0	-0.009491523445596672	-0.010640893083741165	0.00007
WONB13_2	-0.6742706991772444	-1.0862602291867658	0	-0.009975300822755662	-0.011648770813234233	0.00007
WONB13_3	-0.6608024771235779	-1.1410238887155164	0	-0.010199522876422118	-0.01266211128448358	0.00007
WONB13_5	-0.7828425221485658	-1.1178817860060262	0	-0.011933477851434282	-0.012768213993973765	0.00007
WONB13_B1	-0.7420868469622806	-1.0476571581380372	0	-0.01069315303771945	-0.011161841861962785	0.00007
WONB13_B5	-0.812880416632467	-1.071042582643047	-4.440892098500626e-16	-0.012249583367533012	-0.01242941735695302	0.00007000000000044408
WONB13_B11	-0.805770873034296	-1.1702260865426404	0	-0.012798126965704038	-0.01412891345735967	0.00007
WONB14_1	1.2709560215810276	-1.128650690250302	0	0.016314978418972448	-0.01411630974969813	0.00007
WONB14_2	1.3077746377241015	-1.169984617233469	0	0.017438362275898456	-0.01551738276653114	0.00007
WONB14_3	1.3442011696254874	-1.2111664783071934	0	0.018286830374512508	-0.016542521692806567	0.00007
WONB14_5	1.2317484666144605	-1.2453327670034045	4.440892098500626e-16	0.01635853338553961	-0.01623723299659563	0.0000699999999995559
WONB14_B1	1.2341150930204017	-1.1668351544436764	-4.440892098500626e-16	0.015829906979598407	-0.01446984555632369	0.00007000000000044408
WONB14_B5	1.1845372850186444	-1.2185268569446035	0	0.015311714981355529	-0.01543814305539648	0.00007
WONB15_1	-2.07870689016416	-0.9496881956310994	0	-0.03408510983583968	-0.015088804368900588	0.00007
WONB15_2	-2.023195916333635	-0.9317979848357735	0	-0.033386083666365085	-0.014224015164226556	0.00007
WONB15_3	-1.9680896570926798	-0.9136236562916789	0	-0.033066342907320134	-0.01431834370832119	0.00007
WONB15_5	-1.99438765129356	-1.039830586184153	0	-0.03354634870644002	-0.01607741381584704	0.00007
WONB15_B1	-2.065423594829814	-1.0040901780587583	4.440892098500626e-16	-0.03424540517018615	-0.015481821941241591	0.0000699999999995559
WONB15_B5	-2.0423772333021173	-1.0747542611169942	0	-0.033908766697882786	-0.016700738883005828	0.00007
WONB15_B13	-1.9386348670008673	-1.021484159731154	0	-0.03284513299913261	-0.016106840268846012	0.00007
WONB19_1	1.8957730641796455	1.2497335443127735	0	0.03018493582035453	0.019760455687226397	0.00007
WONB19_2	1.9417480289924602	1.2268913145690354	0	0.0297599710075398	0.01826568543096463	0.00007
WONB19_3	1.9851349577043615	1.2016150547549265	0	0.031040042295638504	0.0187049452450736	0.00007
WONB19_5	1.8973620223566616	1.1420805345559457	0	0.030627977643338467	0.018396465444054266	0.00007
WONB19_B1	1.8751018398704584	1.2090035339739351	-4.440892098500626e-16	0.031251160129541544	0.019385466026064835	0.00007000000000044408
WONB19_B6	1.8480461414852762	1.1347632973506798	0	0.02953185851472373	0.01800670264932025	0.00007
WONB19_B10	1.9014336414544586	1.0928972569917674	0	0.030796358545541302	0.017111743008232594	0.00007
WONB20_1	-0.6090916923232814	0.027267073588128764	0	-0.0012863076767185566	-0.000017073588128763834	0.00007
WONB20_2	-0.6615448558067275	0.050761297909173456	0	-0.0017161441932724841	0.000059702090826542487	0.00007
WONB20_3	-0.7142909524834933	0.07407014616189027	0	-0.0022660475165067195	0.00021885383810972547	0.00007
WONB20_5	-0.6133638331516956	0.1546779156113606	0	-0.0013421668483043492	0.0005640843886393909	0.00007
WONB20_B1	-0.5850516495477479	0.07967463207258017	0	-0.0009463504522521093	0.0002323679274198326	0.00007
WONB20_B6	-0.5572713636625655	0.16839098299247238	-4.440892098500626e-16	-0.000768636337434514	0.0004320170075276242	0.00007000000000044408
WONB20_B11	-0.6393652128961825	0.2047688977926835	0	-0.001346787103817415	0.0007321022073164818	0.00007
WONB21_1	1.9886191730867098	0.30043615291722003	0	0.03061782691329018	0.004895847082779958	0.00007
WONB21_2	1.9769323409100603	0.25133383735613224	0	0.030602659089939532	0.004391162643867741	0.00007
WONB21_3	1.9656438599452812	0.20210358310100177	0	0.030121140054718776	0.0034184168989982444	0.00007
WONB21_5	1.8766321391908298	0.27889673124706615	0	0.028858860809170217	0.00441126875293385	0.00007
WONB21_B1	1.9389324121183198	0.3143849739452744	-4.440892098500626e-16	0.029817587881680208	0.005090026054725583	0.00007000000000044408
WONB21_B6	1.8547792175847166	0.3258085044440836	4.440892098500626e-16	0.02808978241528326	0.004987495555916377	0.0000699999999995559
WONB21_B12	1.8502034951828237	0.23743218134697244	4.440892098500626e-16	0.027672504817176424	0.004097818653027552	0.0000699999999995559
WONB22_1	1.0548196581384317	1.1000050398601415	0	0.014439341861568256	0.013708960139858561	0.00007
WONB22_2	1.099733990991995	1.0760409196285436	0	0.01492200900800511	0.013453080371456316	0.00007
WONB22_3	1.144821018052376	1.0514196427474736	-4.440892098500626e-16	0.01526198194762407	0.01410235725252651	0.00007000000000044408
WONB22_5	1.0543058713563318	0.9900438710177805	0	0.013434128643668108	0.01195512898221962	0.00007
WONB22_B1	1.032829334298761	1.0579494647099672	4.440892098500626e-16	0.013449665701239066	0.012724535290032701	0.0000699999999995559
WONB22_B6	1.0053244630687583	0.9827007660419107	0	0.012287536931241627	0.011504233958089305	0.00007
WONB22_B13	1.0992873183195528	0.9659258645470138	-4.440892098500626e-16	0.01398868168044709	0.011518135452986189	0.00007000000000044408
WONB25_1	-0.16117516409110172	1.1005931428729312	0	-0.00008583590889826853	0.008001857127068801	0.00007
WONB25_2	-0.13155487433628751	1.0599020096456329	0	0.00007087433628752415	0.006939990354367209	0.00007
WONB25_3	-0.10168825875255796	1.0187827452819105	0	0.0008442587525579609	0.0053702547180896065	0.00007
WONB25_5	-0.21616941101949727	1.003504555038382	4.440892098500626e-16	-0.00046958898050272757	0.006162444961617997	0.0000699999999995559
WONB25_B1	-0.2035395801002849	1.0731498172291454	0	-0.0006374198997151082	0.007308182770854543	0.00007
WONB25_B7	-0.26778114160434563	1.0009905221466244	0	-0.0007688583956543815	0.006241477853375477	0.00007
WONB25_B10	-0.23599318268911473	0.9569682706680623	0	-0.000439817310885271	0.005734729331937638	0.00007
WONB27_1	0.1526805556785114	-0.12377630556159189	0	0.000788444321488585	0.0005003055615918905	0.00007
WONB27_2	0.20959113719173106	-0.13033378396397743	0	0.0006858628082689333	0.0005427839639774446	0.00007
WONB27_3	0.2664196142317669	-0.1367872541166038	0	0.0009793857682330875	0.00013425411660381026	0.00007
WONB27_5	0.19749613297795926	-0.24412138738187145	0	0.0006678670220407468	0.0004933873818714352	0.00007
WONB27_B1	0.14664390611563477	-0.18065906158872985	0	0.0007630938843652402	0.00034706158872985227	0.00007
WONB27_B7	0.16182117205648597	-0.2890237356128994	0	0.0005578279435140276	0.0004027356128993853	0.00007
WONB27_B12	0.24952369023962626	-0.26876604604630616	0	0.00077730976037374	0.00033404604630615786	0.00007
WONB30_2	-0.5994419092927254	1.28244820063987	-4.440892098500626e-16	-0.005091090707274537	0.014050799360129984	0.00007000000000044408
WONB30_3	-0.6004603852706267	1.2322888822315803	0	-0.005457614729373228	0.012928117768419733	0.00007
WONB30_5	-0.7031865646020447	1.2840497865806784	0	-0.007555435397955335	0.014902213419321741	0.00007
WONB30_B15	-0.6693460260633122	1.2369784089831153	0	-0.00701397393668779	0.013379591016884795	0.00007
WONB32_1	-1.029356774300552	-0.4471187311076642	4.440892098500626e-16	-0.011073225699447908	-0.004097268892335804	0.0000699999999995559
WONB32_2	-0.9858503872919417	-0.47931964716671294	0	-0.00910461270805829	-0.004728352833287042	0.00007
WONB32_3	-0.942269003618985	-0.5116194594712081	0	-0.009784996381014932	-0.004758540528791877	0.00007
WONB32_5	-1.0532798444791258	-0.5681911637597569	0	-0.012439155520874268	-0.00585383624024316	0.00007
WONB32_B1	-1.0631435461549077	-0.49143240754241835	0	-0.011624453845092253	-0.00529859245758163	0.00007
WONB32_B8	-1.0961681155470773	-0.6042882026446076	0	-0.01372888445292264	-0.006714797355392377	0.00007
WONB32_B12	-1.0235394563224056	-0.6134692740014139	0	-0.011665543677594314	-0.00643972599858611	0.00007
WONB33_1	-0.06281637114811309	-0.5517267586309506	0	-0.0009836288518869085	-0.0010112413690493982	0.00007
WONB33_2	-0.0403509228351941	-0.6013637734097829	0	-0.0009110771648059013	-0.0014012265902171306	0.00007
WONB33_3	-0.01825153890117448	-0.6512802767665913	0	-0.0009014610988255199	-0.0016047232334087669	0.00007
WONB33_5	-0.1390320084669864	-0.6468320775938463	0	-0.001428991533013596	-0.0019009224061536933	0.00007
WONB33_B1	-0.11185858933303283	-0.5742389957026257	0	-0.001203410666967164	-0.001448004297374239	0.00007
WONB33_B8	-0.19248962951744497	-0.6576278500297376	0	-0.0014993704825550236	-0.002050149970262427	0.00007
WONB33_B13	-0.1170389460204434	-0.696909060980087	0	-0.0015830539795566034	-0.0022019390199130573	0.00007
WONB34_1	1.3209206185481857	-0.03704931128619955	0	0.013029381451814315	0.0003433112861995491	0.00007
WONB34_2	1.3655777117141883	-0.06468072482010101	0	0.014206288285811608	0.000041724820101007865	0.00007
WONB34_3	1.4102445751510917	-0.09259549301694653	0	0.015427424848908355	-0.000314506983053478	0.00007
WONB34_5	1.3150915711574211	-0.15300601051586657	4.440892098500626e-16	0.01318042884257875	-0.0005919894841334428	0.0000699999999995559
WONB34_B1	1.2960052150579735	-0.08075714261168179	0	0.012384784942026439	-0.00024785738831820114	0.00007
WONB34_B8	1.2799145395623055	-0.19009555304365428	0	0.012291460437694468	-0.0011984469563457167	0.00007
WONB34_B14	1.3662380350034826	-0.1647461737146758	0	0.01423496499651744	-0.001004826285324223	0.00007
WONB35_1	-2.0014212982496566	-0.15713193843740758	0	-0.03231170175034315	-0.0036670615625924163	0.00007
WONB35_2	-1.9676479966315155	-0.19829728382297754	0	-0.0319260033684845	-0.0044267161770224495	0.00007
WONB35_3	-1.933777131641127	-0.24004745752056322	0	-0.031584868358873086	-0.004729542479436771	0.00007
WONB35_5	-2.0557154735277576	-0.26955070292767336	0	-0.033472526472242414	-0.0055782970723266545	0.00007
WONB35_B1	-2.045592942392638	-0.19230125923186905	0	-0.03333405760736241	-0.004272740768130945	0.00007
WONB35_B8	-2.10563872695687	-0.2952029848953598	0	-0.03410827304312969	-0.006236015104640225	0.00007
WONB35_B15	-1.995155859892455	-0.2849397601378588	0	-0.032617140107544795	-0.005475239862141157	0.00007
WONB37_1	-1.1859990563492793	-0.0012983705642470832	0	-0.012694943650720658	-0.0005726294357529169	0.00007
WONB37_2	-1.2390593875118379	0.009356796906303828	0	-0.01367661248816221	-0.0008207969063038275	0.00007
WONB37_3	-1.292422470175755	0.019937177452521763	0	-0.015689529824244985	-0.0007011774525217639	0.00007
WONB37_5	-1.2170265429680402	0.11458604994706556	0	-0.013218457031959785	0.0004499500529344391	0.00007
WONB37_B1	-1.1757197707564695	0.05178283525500163	0	-0.012158229243530494	-0.0004648352550016277	0.00007
WONB37_B9	-1.2165405809291052	0.1671515011746899	4.440892098500626e-16	-0.013186419070894795	0.0008384988253100911	0.0000699999999995559
WONB37_B13	-1.270408676594498	0.12517543984806584	0	-0.014898323405502012	0.00007356015193415999	0.00007
WONB38_1	1.0011299685354402	0.44089619897818844	0	0.007483031464559753	0.003467801021811545	0.00007
WONB38_2	0.9923956805919459	0.3908196129352913	0	0.006775319408054092	0.002737387064708663	0.00007
WONB38_3	0.9836437478186537	0.34043683390423196	4.440892098500626e-16	0.006273252181346334	0.0024151660957680288	0.0000699999999995559
WONB38_5	0.8915857935470467	0.4116414426747802	0	0.005277206452953265	0.002281557325219785	0.00007
WONB38_B1	0.9512214456183782	0.45164851279428575	0	0.006365554381621785	0.0032254872057142503	0.00007
WONB38_B9	0.8398762432206223	0.4100592096650013	0	0.004947756779377754	0.002136790334998695	0.00007
WONB38_B14	0.8999253031452812	0.36102195967820105	0	0.005393696854718799	0.002195040321798958	0.00007
WONB3_1	0.14318582901913426	0.47497463394754935	0	0.0010881709808657491	0.0008793660524506475	0.00007
WONB3_2	0.09182606903461979	0.4868690496297233	0	0.0008069309653802037	0.0009039503702766849	0.00007
WONB3_3	0.04063938693839495	0.4981119404414104	0	0.0009116130616050461	0.0009650595585896093	0.00007
WONB3_5	0.1142068444929778	0.5870474344934486	0	0.0012191555070222015	0.001177565506551348	0.00007
WONB3_B1	0.15423206816805848	0.5255850121784169	0	0.001323931831941516	0.0009749878215831176	0.00007
WONB3_B4	0.1653259094845489	0.5756473390324763	0	0.0011830905154510962	0.0013876609675236296	0.00007
WONB3_B9	0.11346248977301526	0.6380123455373131	0	0.0013135102269847404	0.0016156544626868552	0.00007
WONB41_1	2.0604635121071455	-0.9995900825601751	0	0.028791487892854573	-0.010811917439824903	0.00007
WONB41_2	2.044119155115712	-1.049785855407242	0	0.02938784488428814	-0.013070144592758126	0.00007
WONB41_3	2.0287766106144907	-1.101670851913742	0	0.029234389385509374	-0.013910148086258012	0.00007
WONB41_5	1.9423924624162823	-1.0119908998882154	4.440892098500626e-16	0.02943553758371764	-0.013598100111784639	0.0000699999999995559
WONB41_B1	2.009044867801097	-0.9794520524552952	-4.440892098500626e-16	0.02995513219890311	-0.012641947544704824	0.00007000000000044408
WONB41_B10	1.8910914621356882	-1.0234220415737085	-4.440892098500626e-16	0.028105537864311803	-0.013595958426291466	0.00007000000000044408
WONB41_B14	1.9448621308487473	-1.0669996742183485	-4.440892098500626e-16	0.028891869151252747	-0.014123325781651541	0.00007000000000044408
WONB42_1	0.7726942444270843	-0.8590415778079593	0	0.0047657555729156975	-0.0056164221920407265	0.00007
WONB42_2	0.8154413910666827	-0.8921685437127522	0	0.005826608933317323	-0.006704456287247806	0.00007
WONB42_3	0.8583438715301946	-0.9252274060458605	0	0.006550128469805405	-0.00746759395413954	0.00007
WONB42_5	0.7533628026272292	-0.9810080884236705	0	0.005394197372770804	-0.007920911576329459	0.00007
WONB42_B1	0.7420311265950295	-0.9030938766808247	0	0.004590873404970552	-0.006701123319175273	0.00007
WONB42_B10	0.7493925524267732	-1.0364785068685278	0	0.0059474475732268495	-0.008778493131472276	0.00007
WONB42_B15	0.8150871970952265	-0.9823789701167508	4.440892098500626e-16	0.006313802904773569	-0.008549029883249237	0.0000699999999995559
WONB43_1	-1.5833913351086086	-0.3530341930454487	0	-0.024183664891391343	-0.005930806954551282	0.00007
WONB43_2	-1.5286949118565716	-0.3535220354342473	0	-0.02244708814342844	-0.0059049645657526795	0.00007
WONB43_3	-1.4735702706453204	-0.3536772388858014	0	-0.021301729354679555	-0.005862761114198645	0.00007
WONB43_5	-1.5352346791818285	-0.4636588525373564	0	-0.02329432081817151	-0.007372147462643586	0.00007
WONB43_B1	-1.5878017072148891	-0.4078049664983304	-4.440892098500626e-16	-0.024199292785110904	-0.006818033501669596	0.00007000000000044408
WONB43_B11	-1.4936452812526813	-0.4980860447675508	0	-0.022708718747318724	-0.007681955232449189	0.00007
WONB43_B14	-1.481974605328853	-0.4456827565181778	0	-0.022091394671146958	-0.006918243481822184	0.00007
WONB44_1	1.8708551393944732	0.8155514908418482	4.440892098500626e-16	0.02972786060552668	0.013543509158151834	0.0000699999999995559
WONB44_2	1.919277117022375	0.7981591174956199	-4.440892098500626e-16	0.02984288297762494	0.013389882504380113	0.00007000000000044408
WONB44_3	1.967769304247381	0.7814897907248496	0	0.03033769575261913	0.012605209275150409	0.00007
WONB44_5	1.890605948043028	0.7052033888743953	0	0.030515051956972128	0.012587611125604692	0.00007
WONB44_B1	1.8574439060394896	0.7699257781837396	0	0.02995309396051038	0.01300722181626035	0.00007
WONB44_B11	1.91936934787509	0.6629306415350362	0	0.03027165212491001	0.011331358464963803	0.00007
WONB44_B15	1.9471104386418023	0.7209810425988472	-4.440892098500626e-16	0.030883561358197698	0.01237295740115274	0.00007000000000044408
WONB45_1	-1.8371153667525926	0.510480663323678	0	-0.02921763324740745	0.006277336676322021	0.00007
WONB45_2	-1.8690519131979684	0.4663701713969729	0	-0.02954208680203152	0.005578828603027108	0.00007
WONB45_3	-1.901130402692833	0.4224820430512931	4.440892098500626e-16	-0.030185597307166967	0.005161956948706914	0.0000699999999995559
WONB45_5	-1.9580619417841447	0.524028397551018	0	-0.030856058215855242	0.006631602448981977	0.00007
WONB45_B1	-1.8825833690803115	0.5397022933180174	0	-0.029379630919688537	0.006488706681982537	0.00007
WONB45_B12	-2.0029431380950946	0.4920095201687916	0	-0.031741861904905466	0.006080479831208352	0.00007
WONB45_B15	-1.9588261467127732	0.46358130610014514	0	-0.030731853287226718	0.0055356938998548655	0.00007
WONB46_1	-0.9058936176337457	0.8817400071695634	0	-0.00826738236625435	0.008086992830436679	0.00007
WONB46_2	-0.8996586501255295	0.8319863932786161	0	-0.008074349874470532	0.007102606721383853	0.00007
WONB46_3	-0.8930509354048517	0.7817611071709182	0	-0.007357064595148288	0.005985892829081796	0.00007
WONB46_5	-1.0052924860509873	0.8182102727838478	-4.440892098500626e-16	-0.010138513949012662	0.007420727216152168	0.00007000000000044408
WONB46_B2	-0.975754868126413	0.8705643280693375	4.440892098500626e-16	-0.009411131873586998	0.008364671930662482	0.0000699999999995559
WONB46_B5	-1.0282227803074566	0.8629423752138112	0	-0.010431219692543348	0.008458624786188751	0.00007
WONB46_B8	-1.0581661649839271	0.8225489876207012	0	-0.010983835016072918	0.007829012379298783	0.00007
WONB47_1	0.7702960444446925	-0.1610859881578383	0	0.0022019555553075554	-0.000015011842161682942	0.00007
WONB47_2	0.8173703547885128	-0.18576482696824964	0	0.002978645211487163	-0.0005641730317503535	0.00007
WONB47_3	0.8646118934148249	-0.20999029016934798	0	0.003788106585175033	-0.0008417098306520154	0.00007
WONB47_5	0.7715054609685462	-0.2800134547257548	-4.440892098500626e-16	0.002705539031453763	-0.000514545274245215	0.00007000000000044408
WONB47_B2	0.7427248501452495	-0.22474494060957564	0	0.0018591498547505525	-0.0009090593904243494	0.00007
WONB47_B5	0.7192011087656381	-0.2722612004345826	0	0.0022028912343619034	-0.0012327995654174417	0.00007
WONB47_B9	0.7595829031738675	-0.33187864297311	-4.440892098500626e-16	0.002611096826132586	-0.000982357026890035	0.00007000000000044408
WONB48_1	1.3700397575532395	-0.6397180013959872	4.440892098500626e-16	0.015684242446760477	-0.006697998604012767	0.0000699999999995559
WONB48_2	1.4201526063072696	-0.6553415719923982	0	0.016962393692730338	-0.006805428007601866	0.00007
WONB48_3	1.470485165160212	-0.6710340229187794	0	0.018461834839788027	-0.007455977081220588	0.00007
WONB48_5	1.3935776850186217	-0.7588999338627309	0	0.01666131498137835	-0.008208066137269099	0.00007
WONB48_B2	1.3552943093247463	-0.7092325726352601	0	0.015985690675253794	-0.007360427364739963	0.00007
WONB48_B5	1.3411151940574448	-0.7609918034468541	0	0.015515805942555083	-0.008138196553145849	0.00007
WONB48_B10	1.4087595880889534	-0.8111462724426217	0	0.017791411911046495	-0.009131727557378233	0.00007
WONB49_1	2.0579026555136934	-0.4037743436056961	0	0.03075934448630635	-0.004542656394303901	0.00007
WONB49_2	2.0123899607145255	-0.4265245253637686	0	0.030370039285474437	-0.005419474636231381	0.00007
WONB49_3	1.966792596595705	-0.4497905449375137	0	0.02957840340429496	-0.005396455062486316	0.00007
WONB49_5	1.9620359670193237	-0.33137517356673984	0	0.030180032980676286	-0.003860826433260134	0.00007
WONB49_B2	2.022221842306893	-0.3418636847974471	0	0.032150157693106696	-0.0039213152025529	0.00007
WONB49_B5	1.9961736014026241	-0.2941909189492099	0	0.030180398597375868	-0.003252081050790112	0.00007
WONB49_B11	1.9101931897377096	-0.319994011864848	0	0.028845810262290383	-0.003713988135152002	0.00007
WONB4_1	0.45474617581212556	1.2306454709316028	0	0.005739824187874443	0.011355529068397097	0.00007
WONB4_2	0.49275294772877815	1.1967137054128443	0	0.006034052271221835	0.011030294587155653	0.00007
WONB4_3	0.5308316812425322	1.1628341730797722	0	0.006237318757467802	0.010800826920227768	0.00007
WONB4_5	0.42588840372653247	1.1253131965777492	0	0.0046535962734675085	0.009338803422250797	0.00007
WONB4_B1	0.4215710563362422	1.195338478641985	0	0.00500494366375781	0.011318521358015143	0.00007
WONB4_B4	0.38787132141181013	1.1594273972021534	0	0.004661678588189888	0.009954602797846546	0.00007
WONB4_B10	0.4176894429786258	1.0761172002030204	0	0.004584557021374169	0.008364799796979572	0.00007
WONB5_1	1.4582511979539812	0.5231726092599078	0	0.019101802046018745	0.007347390740092163	0.00007
WONB5_2	1.407749996669962	0.5206562756930031	0	0.017908003330038058	0.007100724306996931	0.00007
WONB5_3	1.3573223790702098	0.5182377114533523	0	0.01626962092979012	0.0066652885466477185	0.00007
WONB5_5	1.3976691951609252	0.6211489538020929	0	0.017914804839074705	0.008312046197907152	0.00007
WONB5_B1	1.4531991892459553	0.5734791452060433	0	0.019230810754044647	0.008054854793956734	0.00007
WONB5_B4	1.4480081517025025	0.6233763709778378	4.440892098500626e-16	0.019291848297497527	0.009013629022162184	0.0000699999999995559
WONB5_B11	1.3551926588199887	0.6504138375906998	0	0.017332341180011257	0.00860816240930018	0.00007
WONB9_1	0.24648403425498722	-1.0147705851974824	0	0.0001479657450127736	-0.00611441480251762	0.00007
WONB9_2	0.2796011499502812	-1.059913706856732	0	0.00045185004971881604	-0.007242293143268075	0.00007
WONB9_3	0.3129943052043762	-1.1052963084483653	0	0.000811694795623763	-0.008110691551634686	0.00007
WONB9_5	0.1919512176998126	-1.1280805064523005	0	-0.00017421769981260105	-0.00838749354769952	0.00007
WONB9_B1	0.20275301345431895	-1.0488433325497422	0	-0.0002360134543189507	-0.007061667450257936	0.00007
WONB9_B4	0.1590183083931369	-1.0827600500227224	0	-0.0004523083931368965	-0.007300949977277593	0.00007
WONB9_B15	0.2530665014543544	-1.1481743151380435	0	0.00032849854564559466	-0.008934684861956477	0.00007
