XYZ Points Summary (22/04/2017 6:26am)
Project Name: C:\Users\jyun\Desktop\stick_photo\stick.aus
______________________________________________________________________________________________________

       Quick Summary
    Number of Points: 367
    Number of Images: 26

Sightings
                                 Point Coordinates                       Standard Errors                           #
               Label           X              Y              Z         SX        SY        SZ     RMS xy(µm)  Rays
            WONB48_3       355.7131       -30.1267         9.1422    0.0376    0.0374    0.0627   0.959        16
             WONB5_1       413.1130       158.3374        12.2606    0.0386    0.0388    0.0644   0.736        14
            WONB5_B1       414.8186       166.7274        12.4699    0.0375    0.0376    0.0640   0.672        15
            WONB5_B4       416.5449       175.0959        12.5591    0.0372    0.0367    0.0608   0.880        16
            WONB48_2       348.4648       -25.5097         9.0342    0.0379    0.0375    0.0626   0.855        16
          WONB48_B10       339.2099       -48.6568         8.6294    0.0422    0.0416    0.0648   0.802        14
             WONB5_2       404.6580       160.0966        12.0888    0.0389    0.0390    0.0642   0.738        14
            WONB34_3       374.4230        62.0165        10.1148    0.0374    0.0365    0.0590   0.794        17
              WONB48       343.8551       -32.7906         9.1891    0.0379    0.0376    0.0625   0.831        16
               WONB5       406.4095       168.4881        12.2022    0.0375    0.0368    0.0608   0.682        16
             WONB5_5       408.1506       176.9011        12.3014    0.0377    0.0376    0.0638   0.672        15
            WONB48_5       339.2449       -40.0534         8.8407    0.0399    0.0394    0.0659   0.911        14
            WONB48_1       341.2183       -20.9030         9.0143    0.0381    0.0376    0.0624   0.817        16
          WONB34_B14       363.6151        52.6274        10.1485    0.0350    0.0349    0.0568   0.876        18
            WONB34_2       368.5621        68.3529        10.0862    0.0376    0.0366    0.0589   0.819        17
             WONB5_3       396.2834       161.8809        11.8133    0.0378    0.0370    0.0608   1.018        16
           WONB5_B11       402.6436       183.5034        12.2179    0.0381    0.0385    0.0673   0.692        14
           WONB48_B2       335.4991       -30.8055         8.9779    0.0382    0.0377    0.0624   0.908        16
           WONB48_B5       330.9008       -38.0755         8.5437    0.0403    0.0396    0.0658   0.825        14
              WONB34       362.3153        62.5230        10.1369    0.0352    0.0351    0.0567   0.885        18
            WONB34_1       362.7579        74.6461         9.8923    0.0363    0.0361    0.0589   0.821        17
            WONB34_5       356.0018        56.6898         9.9081    0.0353    0.0351    0.0567   0.887        18
           WONB34_B1       356.4669        68.8497        10.0065    0.0342    0.0346    0.0566   0.874        18
           WONB34_B8       348.5681        52.4201         9.6421    0.0355    0.0351    0.0567   0.846        18
            WONB22_3       388.1986       258.6130        12.8130    0.0450    0.0411    0.0667   0.987        13
            WONB22_2       381.9523       264.6072        12.7511    0.0440    0.0422    0.0669   0.929        13
          WONB22_B13       376.2834       246.2859        12.4454    0.0447    0.0436    0.0710   0.889        12
              WONB22       376.0082       258.3675        12.6613    0.0440    0.0406    0.0633   1.009        14
            WONB22_1       375.7704       270.5335        12.5331    0.0440    0.0421    0.0669   0.919        13
            WONB22_5       370.0820       252.1961        12.3053    0.0445    0.0417    0.0665   1.084        13
           WONB22_B1       369.8549       264.3321        12.6517    0.0442    0.0423    0.0669   0.856        13
           WONB22_B6       361.5926       253.0142        12.1690    0.0443    0.0408    0.0633   1.044        14
            WONB38_1       334.2172       164.5715        10.4101    0.0345    0.0332    0.0521   0.865        21
            WONB38_2       330.3873       156.8856        10.1842    0.0366    0.0336    0.0523   0.944        21
            WONB38_3       326.5779       149.1819         9.8827    0.0369    0.0342    0.0546   0.922        20
           WONB38_B1       326.5184       168.3762        10.5975    0.0363    0.0343    0.0540   0.795        20
              WONB38       322.6550       160.6969        10.3808    0.0346    0.0328    0.0507   0.801        22
          WONB38_B14       313.8815       155.9920        10.0834    0.0342    0.0321    0.0501   0.665        23
            WONB38_5       314.9779       164.4834        10.1541    0.0343    0.0325    0.0513   0.782        22
            WONB47_3       280.9982        67.2998         9.4779    0.0319    0.0309    0.0476   0.846        24
            WONB42_3       247.2325       -41.2173         8.8989    0.0350    0.0332    0.0518   0.815        20
           WONB38_B9       306.6177       166.4536         9.7610    0.0346    0.0338    0.0525   0.722        21
          WONB42_B15       237.8660       -47.7201         9.3244    0.0360    0.0351    0.0542   0.710        18
            WONB42_2       242.0216       -34.3784         9.0552    0.0350    0.0333    0.0518   0.912        20
            WONB47_2       274.6937        73.0926         9.2071    0.0321    0.0313    0.0486   0.755        23
              WONB47       268.8689        66.7652         9.3274    0.0330    0.0327    0.0509   0.662        21
              WONB42       235.1713       -39.5622         9.4108    0.0350    0.0333    0.0517   0.782        20
            WONB42_1       236.8253       -27.5278         9.2695    0.0345    0.0330    0.0506   0.867        20
            WONB47_5       263.0431        60.4478         9.1214    0.0327    0.0321    0.0492   0.716        22
            WONB47_1       268.3867        78.9498         9.1066    0.0327    0.0322    0.0492   0.669        22
           WONB47_B9       258.7919        52.9531         8.9945    0.0331    0.0327    0.0509   0.678        21
            WONB42_5       228.3691       -44.7802         9.4332    0.0349    0.0332    0.0517   0.734        20
          WONB42_B10       225.3700       -52.8666         9.1153    0.0352    0.0342    0.0535   0.797        19
           WONB42_B1       230.0276       -32.6834         9.6608    0.0345    0.0330    0.0505   0.858        20
           WONB47_B2       261.0150        70.2386         9.2338    0.0346    0.0348    0.0546   0.816        18
           WONB47_B5       255.1612        63.8892         8.9795    0.0344    0.0347    0.0572   0.626        18
             WONB4_3       292.7551       303.1586         9.8531    0.0397    0.0395    0.0636   0.866        14
             WONB4_2       288.1170       310.3796         9.8796    0.0392    0.0387    0.0607   0.833        15
               WONB4       280.8676       305.6949         9.9986    0.0398    0.0395    0.0636   0.773        14
             WONB4_1       283.4924       317.6131         9.9002    0.0396    0.0392    0.0636   0.889        14
             WONB4_5       273.6093       301.0111         9.9190    0.0394    0.0389    0.0607   0.775        15
            WONB4_B1       276.2383       312.8887        10.1106    0.0393    0.0387    0.0606   0.883        15
           WONB4_B10       269.9386       293.1583         9.7364    0.0395    0.0391    0.0607   0.784        15
            WONB4_B4       268.9744       308.2059        10.0477    0.0394    0.0388    0.0607   0.765        15
             WONB9_3       155.8987       -44.0548         8.2133    0.0338    0.0328    0.0491   0.588        22
             WONB9_2       152.7697       -36.0093         7.8045    0.0345    0.0332    0.0506   0.636        21
            WONB27_3       183.7516       101.8313        51.0881    0.0309    0.0298    0.0432   1.102        24
           WONB9_B15       145.0895       -47.7971         7.8325    0.0338    0.0328    0.0491   0.622        22
          WONB27_B12       175.9411        83.4619        50.8797    0.0303    0.0291    0.0420   1.055        25
             WONB9_1       149.6530       -27.9692         7.5214    0.0346    0.0333    0.0507   0.552        21
               WONB9       144.7704       -39.1706         7.5439    0.0338    0.0329    0.0492   0.575        22
            WONB27_2       175.7656       105.0012        50.8647    0.0304    0.0292    0.0420   1.050        25
            WONB9_B1       141.6280       -31.1253         7.3276    0.0345    0.0333    0.0507   0.561        21
              WONB27       172.6059        97.0360        50.7321    0.0303    0.0292    0.0420   1.102        25
            WONB27_5       169.4299        89.0582        50.5833    0.0309    0.0298    0.0433   1.058        24
             WONB9_5       136.7423       -42.3248         7.1400    0.0344    0.0333    0.0506   0.620        21
           WONB27_B7       162.4936        84.0140        50.2535    0.0303    0.0291    0.0421   1.038        25
            WONB9_B4       133.6456       -34.2833         6.9255    0.0338    0.0329    0.0493   0.582        22
            WONB3_B4       206.0649       221.4044         7.9497    0.0331    0.0318    0.0504   0.832        22
            WONB27_1       167.7594       108.1758        50.8056    0.0316    0.0305    0.0434   1.045        23
           WONB27_B1       164.6128       100.1976        50.5879    0.0309    0.0299    0.0433   1.074        24
            WONB3_B1       202.0900       213.8336         7.5789    0.0335    0.0324    0.0522   0.929        21
             WONB3_1       198.1275       206.2167         7.0853    0.0358    0.0335    0.0571   0.946        19
             WONB3_5       198.4865       225.4406         7.4853    0.0329    0.0314    0.0492   0.864        23
            WONB3_B9       200.6608       233.7412         7.5429    0.0335    0.0321    0.0498   0.863        22
               WONB3       194.4828       217.8475         7.2169    0.0346    0.0329    0.0545   0.815        20
             WONB3_2       190.5047       210.2681         6.9124    0.0351    0.0336    0.0542   0.982        20
             WONB3_3       182.9330       214.2820         6.3973    0.0358    0.0335    0.0572   0.875        19
            WONB33_3       124.5986        37.3656         4.8257    0.0352    0.0328    0.0565   0.611        20
            WONB33_2       123.2862        45.8480         4.7380    0.0353    0.0329    0.0567   0.593        20
            WONB33_1       121.9084        54.3210         4.5227    0.0365    0.0347    0.0622   0.629        18
              WONB33       114.7928        44.4914         4.8279    0.0352    0.0329    0.0566   0.633        20
           WONB33_B1       113.4746        52.9865         4.6806    0.0365    0.0346    0.0622   0.650        18
          WONB33_B13       107.6753        34.6787         4.6031    0.0343    0.0322    0.0543   0.628        21
            WONB33_5       106.3713        43.1476         4.3727    0.0351    0.0329    0.0566   0.647        20
           WONB33_B8        97.8064        43.7513         3.5800    0.0350    0.0329    0.0567   0.679        20
           WONB20_B6        76.7066       178.2714        48.5784    0.0307    0.0298    0.0438   1.132        24
           WONB20_B1        69.4040       166.3114        48.6684    0.0301    0.0293    0.0426   1.091        25
            WONB20_1        63.9987       159.6489        48.2103    0.0300    0.0293    0.0427   1.065        25
            WONB20_5        68.1453       178.3846        48.4966    0.0300    0.0294    0.0427   1.110        25
              WONB20        62.7494       171.7116        48.5092    0.0306    0.0297    0.0439   1.094        24
          WONB20_B11        66.2818       186.7531        48.3199    0.0300    0.0294    0.0427   1.117        25
            WONB13_3         8.5668        -8.6115         0.0146    0.0345    0.0347    0.0540   1.132        20
            WONB20_2        57.3768       165.0818        48.0334    0.0300    0.0293    0.0428   1.076        25
            WONB13_2         8.6087         0.0159         0.0000    0.0329    0.0324    0.0490   1.179        23
            WONB13_1         8.6231         8.5850        -0.0971    0.0329    0.0324    0.0490   1.002        23
            WONB20_3        50.7149       170.4786        47.9779    0.0299    0.0293    0.0428   1.123        25
              WONB13        -0.0000         0.0000         0.0000    0.0342    0.0338    0.0523   1.096        21
           WONB13_B1        -0.0000         8.5855         0.0000    0.0339    0.0335    0.0518   0.999        21
            WONB13_5        -8.6439        -0.0540        -0.2450    0.0358    0.0346    0.0547   0.882        20
          WONB13_B11       -13.9707        -6.7880        -0.4658    0.0348    0.0343    0.0530   0.980        21
           WONB13_B5       -11.3847         8.0955        -0.3972    0.0341    0.0338    0.0524   1.054        21
            WONB32_3        -9.9217        97.2292        -0.0232    0.0329    0.0341    0.0589   0.934        20
            WONB32_2       -15.2844       103.9501        -0.2655    0.0315    0.0333    0.0555   0.838        21
              WONB32       -21.9805        98.6196        -0.5044    0.0319    0.0335    0.0543   0.789        21
          WONB32_B12       -25.8846        85.1704        -0.5147    0.0320    0.0336    0.0545   0.887        21
            WONB32_1       -20.5952       110.6426        -0.2289    0.0322    0.0337    0.0574   0.979        20
            WONB32_5       -28.7090        93.2553        -0.7868    0.0313    0.0321    0.0508   0.869        23
           WONB32_B1       -27.3053       105.2948        -0.4306    0.0321    0.0342    0.0564   0.829        20
           WONB32_B8       -36.4436        89.5695        -1.0070    0.0318    0.0336    0.0547   0.935        21
           WONB37_B1       -23.8638       193.4329         1.2329    0.0345    0.0352    0.0560   0.766        20
            WONB37_1       -27.6270       185.7877        -0.0693    0.0355    0.0364    0.0610   0.751        18
            WONB37_5       -27.7535       204.9004         1.3269    0.0359    0.0379    0.0611   0.664        18
           WONB37_B9       -25.8016       213.2274         0.9479    0.0370    0.0399    0.0672   0.666        16
              WONB37       -31.5528       197.2514         1.0253    0.0361    0.0376    0.0615   0.784        18
            WONB37_2       -35.2843       189.6235        -0.3167    0.0367    0.0375    0.0617   0.734        18
          WONB37_B13       -35.4571       208.7256         1.1283    0.0359    0.0366    0.0588   0.707        19
            WONB37_3       -42.9842       193.4562        -0.5564    0.0358    0.0379    0.0619   0.772        18
           WONB11_B5       -30.2809       341.9128         0.0152    0.0488    0.0477    0.0734   0.647        11
           WONB11_B1       -35.6059       331.7970        -0.0503    0.0479    0.0460    0.0690   0.544        12
            WONB43_3       -83.6003       143.1038        -1.5470    0.0352    0.0368    0.0629   1.064        17
          WONB43_B14       -88.0093       129.4020        -1.4334    0.0368    0.0377    0.0653   0.852        16
            WONB11_1       -39.9157       324.3461        -0.4610    0.0480    0.0460    0.0691   0.574        12
          WONB43_B11       -91.5712       121.9276        -1.5424    0.0368    0.0377    0.0660   0.808        16
           WONB11_B9       -36.1321       351.7185        -0.4274    0.0477    0.0458    0.0689   0.708        12
            WONB11_5       -38.5779       343.5373        -0.4047    0.0493    0.0490    0.0775   0.741        10
              WONB11       -42.9392       336.0830        -0.4702    0.0485    0.0473    0.0725   0.554        11
            WONB43_2       -91.8778       145.4045        -2.0232    0.0365    0.0370    0.0632   0.734        17
              WONB43       -94.2248       137.1393        -1.7048    0.0370    0.0387    0.0694   0.732        15
            WONB43_5       -96.5734       128.8564        -1.7842    0.0372    0.0387    0.0698   0.717        15
            WONB11_2       -47.2643       328.6720        -0.7045    0.0493    0.0492    0.0776   0.759        10
            WONB43_1      -100.0773       147.7380        -2.5015    0.0360    0.0362    0.0602   0.716        18
            WONB11_3       -54.6183       332.9743        -1.0749    0.0497    0.0482    0.0779   0.703        10
           WONB43_B1      -102.4652       139.5003        -2.0338    0.0359    0.0360    0.0596   0.789        18
            WONB45_1      -108.0442       293.1392        -2.7618    0.0377    0.0383    0.0652   0.916        16
            WONB45_2      -114.4660       287.3820        -3.0243    0.0386    0.0407    0.0780   0.935        13
           WONB45_B1      -113.8233       299.5288        -2.6165    0.0376    0.0383    0.0652   1.083        16
            WONB45_3      -120.8343       281.6359        -3.1423    0.0380    0.0403    0.0728   1.082        14
              WONB45      -120.2149       293.7774        -3.0443    0.0377    0.0390    0.0683   1.004        15
          WONB45_B15      -128.0907       290.4495        -3.2116    0.0375    0.0381    0.0654   0.997        16
            WONB45_5      -125.9373       300.1471        -3.3097    0.0374    0.0382    0.0653   1.007        16
          WONB45_B12      -133.8315       296.7981        -3.5115    0.0375    0.0390    0.0687   1.063        15
            WONB49_1       461.8621       -14.7361        14.7265    0.0437    0.0467    0.0831   1.140        11
           WONB49_B2       459.2360        -3.5709        14.8278    0.0437    0.0463    0.0828   0.760        11
            WONB49_2       453.3924       -16.2408        14.3895    0.0441    0.0480    0.0897   0.927        10
           WONB49_B5       457.6633         4.9400        14.5272    0.0446    0.0483    0.0840   0.766        10
              WONB49       451.7697        -7.8004        14.5234    0.0438    0.0466    0.0828   0.861        11
            WONB49_3       444.8990       -17.8177        14.0540    0.0453    0.0509    0.0915   0.968         9
            WONB49_5       450.2082         0.6829        14.3164    0.0442    0.0473    0.0893   0.778        10
          WONB49_B11       442.5895         4.7038        13.8143    0.0443    0.0473    0.0892   0.711        10
            WONB25_3       183.4470       305.3388         6.5913    0.0367    0.0357    0.0531   0.921        18
            WONB25_2       180.4957       313.4024         6.5104    0.0362    0.0355    0.0524   0.886        19
            WONB25_1       177.5724       321.4361         6.3335    0.0362    0.0355    0.0524   0.890        19
              WONB25       172.4561       310.4425         6.5204    0.0363    0.0356    0.0523   0.834        19
           WONB25_B1       169.4987       318.4667         6.4434    0.0362    0.0355    0.0524   0.928        19
            WONB25_5       164.3992       307.4754         6.1359    0.0372    0.0357    0.0546   0.854        18
          WONB25_B10       159.1923       300.6536         5.7928    0.0363    0.0355    0.0529   0.818        19
           WONB25_B7       156.0544       309.2607         5.6703    0.0382    0.0373    0.0533   0.893        18
            WONB46_3        47.9005       298.7687         2.3844    0.0354    0.0344    0.0519   0.802        19
            WONB46_2        48.8862       307.2902         2.3031    0.0357    0.0340    0.0521   0.801        19
            WONB46_1        49.9147       315.7435         2.2277    0.0369    0.0356    0.0536   0.785        18
              WONB46        40.3692       308.2596         2.3690    0.0344    0.0332    0.0516   0.826        20
           WONB46_B2        38.5401       316.5928         2.2754    0.0356    0.0346    0.0531   0.826        19
            WONB46_5        31.8118       309.2699         1.9325    0.0343    0.0331    0.0517   0.837        20
           WONB46_B5        29.9960       317.5765         1.7382    0.0355    0.0346    0.0531   0.870        19
           WONB46_B8        23.7091       312.1783         1.5384    0.0366    0.0354    0.0537   0.883        18
           WONB35_B8      -175.5392       177.7583        -4.8269    0.0376    0.0376    0.0652   1.030        16
            WONB35_5      -167.1516       179.6003        -4.1324    0.0401    0.0398    0.0735   0.978        14
           WONB35_B1      -163.0948       191.0418        -3.9535    0.0375    0.0377    0.0657   0.947        16
            WONB15_1      -192.4500        78.2550        -5.1232    0.0397    0.0437    0.0782   1.013        12
           WONB15_B1      -192.0310        69.6937        -4.6432    0.0395    0.0414    0.0732   1.153        13
              WONB35      -159.4818       183.2757        -3.6745    0.0376    0.0378    0.0657   0.751        16
            WONB35_1      -155.4059       194.6889        -3.7684    0.0375    0.0369    0.0627   0.802        17
           WONB15_B5      -190.9947        58.3758        -4.7664    0.0402    0.0418    0.0694   1.141        13
          WONB35_B15      -158.5748       174.7451        -3.5269    0.0376    0.0377    0.0651   0.826        16
            WONB15_2      -183.8544        78.6414        -4.8824    0.0367    0.0395    0.0700   1.100        14
            WONB35_2      -151.7497       186.9801        -3.6151    0.0385    0.0381    0.0630   0.728        16
              WONB15      -183.4921        70.1039        -4.6066    0.0364    0.0376    0.0632   1.012        16
            WONB15_5      -183.0512        61.5444        -4.7213    0.0408    0.0432    0.0743   0.938        12
            WONB35_3      -148.0968       179.1869        -3.4414    0.0398    0.0391    0.0691   0.690        15
            WONB15_3      -175.3237        79.0883        -4.7248    0.0398    0.0417    0.0733   0.882        13
          WONB15_B13      -174.5095        61.9658        -4.7173    0.0368    0.0395    0.0697   0.826        14
           WONB10_B8      -144.3867        -9.7253        -3.1328    0.0427    0.0451    0.0756   0.847        11
           WONB10_B5      -140.9591        -2.1653        -2.9642    0.0423    0.0422    0.0667   0.835        13
            WONB10_5      -135.8381        -9.0354        -2.6660    0.0426    0.0437    0.0707   0.764        12
           WONB10_B1      -130.2311         1.7959        -2.2958    0.0425    0.0423    0.0665   0.779        13
              WONB10      -127.6788        -6.4305        -2.1908    0.0428    0.0438    0.0706   0.789        12
            WONB10_1      -122.0713         4.3723        -1.9244    0.0435    0.0455    0.0753   0.784        11
            WONB10_2      -119.4690        -3.8209        -1.9508    0.0428    0.0423    0.0664   0.921        13
            WONB10_3      -116.8607       -12.0248        -1.9299    0.0418    0.0431    0.0662   1.053        13
            WONB8_B4       -55.1877       -58.6018        -0.4362    0.0405    0.0408    0.0677   0.680        13
             WONB8_5       -54.9400       -67.1661        -1.2303    0.0388    0.0392    0.0617   0.693        15
           WONB8_B14       -51.9616       -75.1768        -1.8485    0.0412    0.0416    0.0652   1.029        13
            WONB8_B1       -46.6056       -58.3571        -0.4874    0.0403    0.0397    0.0643   0.644        14
               WONB8       -46.3735       -66.9247        -1.0142    0.0389    0.0392    0.0616   0.900        15
             WONB8_1       -38.0562       -58.0469        -1.0362    0.0397    0.0402    0.0651   0.922        14
             WONB8_2       -37.7562       -66.6285        -1.2776    0.0404    0.0396    0.0644   0.783        14
             WONB8_3       -37.5126       -75.2356        -1.6456    0.0430    0.0421    0.0686   0.678        12
            WONB2_B4        38.7040       -87.5682         1.6487    0.0411    0.0397    0.0634   0.620        14
            WONB2_B1        42.4252       -79.8296         2.1730    0.0412    0.0398    0.0634   0.593        14
             WONB2_1        46.1647       -72.1052         2.3504    0.0414    0.0400    0.0634   0.649        14
            WONB2_B8        41.0392       -98.0306         1.6462    0.0430    0.0412    0.0637   0.609        13
             WONB2_5        46.4771       -91.3527         2.2754    0.0412    0.0397    0.0633   0.647        14
               WONB2        50.1546       -83.6388         2.8229    0.0405    0.0393    0.0606   0.664        15
             WONB2_2        53.9034       -75.9080         3.0785    0.0406    0.0394    0.0606   0.611        15
             WONB2_3        61.6286       -79.7058         3.8519    0.0406    0.0393    0.0604   0.650        15
           WONB44_B1       491.0615       181.1392        16.7473    0.0558    0.0591    0.1401   0.723         5
            WONB44_1       496.0338       188.1560        16.5210    0.0549    0.0537    0.1095   0.838         7
            WONB44_5       493.0655       169.0643        16.7665    0.0696    0.0636    0.1332   1.085         7
              WONB44       498.0799       176.1635        17.0700    0.0714    0.0670    0.1357   0.591         6
            WONB44_2       503.1425       183.1787        16.7630    0.0725    0.0742    0.1452   0.530         5
          WONB44_B11       495.6415       160.9085        16.6742    0.0550    0.0564    0.1235   0.847         8
          WONB44_B15       503.1335       169.1550        17.3848    0.0715    0.0660    0.1356   0.584         6
            WONB44_3       510.2814       178.3119        17.0393    0.0746    0.0680    0.1496   0.949         5
           WONB19_B6       509.4388       242.2245        17.6275    0.0744    0.0631    0.1251   0.575         6
           WONB19_B1       517.7944       253.4246        18.4324    0.0781    0.0711    0.1705   0.938         4
            WONB19_1       523.8475       259.5432        18.2184    0.0787    0.0707    0.1717   0.682         4
            WONB19_5       517.9919       241.2659        18.1393    0.0785    0.0716    0.1692   0.638         4
          WONB19_B10       516.1367       232.9063        17.7589    0.0762    0.0680    0.1312   0.589         5
              WONB19       523.9756       247.4405        18.8686    0.0781    0.0653    0.1533   1.411         5
            WONB19_2       530.0773       253.5884        18.7872    0.0787    0.0650    0.1540   1.544         5
            WONB19_3       536.1948       247.5325        18.6699    0.0803    0.0707    0.1708   0.754         4
          WONB41_B10       404.0465      -101.3987        12.3822    0.0582    0.0518    0.0841   1.255         9
            WONB41_5       412.6032      -101.9181        12.8486    0.0961    0.0745    0.1088   1.272         7
          WONB41_B14       410.1577      -110.1607        12.9656    0.0921    0.0736    0.1008   1.236         8
              WONB41       419.6858      -107.0204        13.1999    0.0881    0.0686    0.1011   1.489         9
           WONB41_B1       424.5964       -99.9402        13.5352    0.0937    0.0735    0.1013   1.300         8
            WONB41_3       421.6712      -119.0546        13.2668    0.0917    0.0699    0.1088   1.705         8
            WONB41_2       426.6349      -111.9987        13.5323    0.0889    0.0689    0.1013   1.587         9
            WONB41_1       431.6766      -105.2138        13.8187    0.0951    0.0744    0.1015   1.367         8
          WONB21_B12       461.6765        95.1128        15.0386    0.0444    0.0466    0.0895   0.852         9
           WONB21_B6       467.1649       109.0841        15.1404    0.0453    0.0432    0.0807   0.777        11
            WONB21_5       468.2342       100.5983        15.2014    0.0466    0.0480    0.1034   0.645         8
              WONB21       475.5994        96.2015        15.8257    0.0457    0.0454    0.0975   0.621         9
           WONB21_B1       479.9965       103.5389        16.1759    0.0457    0.0454    0.0974   0.606         9
            WONB21_3       478.4654        84.4099        15.9561    0.0457    0.0453    0.0977   0.771         9
            WONB21_2       482.9016        91.7776        16.1817    0.0462    0.0474    0.1036   0.806         8
            WONB21_1       487.3165        99.1216        16.5573    0.0452    0.0441    0.0890   0.945        10
           WONB31_B1       176.4016      -136.6915         7.9742    0.0410    0.0393    0.0580   1.321        14
            WONB31_1       180.5825      -129.2021         7.8667    0.0441    0.0411    0.0615   0.802        12
           WONB31_B8       173.9052      -154.6718         7.9848    0.0529    0.0516    0.0679   0.889        10
            WONB31_5       179.6951      -148.3761         7.9859    0.0488    0.0490    0.0646   0.835        12
              WONB31       183.8762      -140.8282         7.9691    0.0425    0.0417    0.0595   1.076        14
            WONB31_2       188.1157      -133.4495         7.7884    0.0404    0.0380    0.0590   1.301        14
          WONB31_B11       182.9443      -156.2556         7.9177    0.0532    0.0517    0.0680   0.786        10
            WONB31_3       195.5817      -137.5472         7.6264    0.0443    0.0434    0.0605   0.899        13
           WONB14_B5       284.9622       -99.4367         7.6003    0.0501    0.0477    0.0799   0.742        10
            WONB14_5       291.0248      -105.4535         7.7951    0.0498    0.0475    0.0799   0.775        10
           WONB14_B1       294.9571       -93.9445         8.0565    0.0513    0.0484    0.0871   0.644         9
          WONB14_B12       292.1513      -114.0309         7.8562    0.0555    0.0521    0.0831   0.560         8
              WONB14       298.7262      -101.6308         8.1484    0.0503    0.0498    0.0878   0.762         9
            WONB14_1       302.6843       -90.1068         7.5169    0.0497    0.0475    0.0802   0.905        10
            WONB14_2       306.4553       -97.8265         7.7142    0.0494    0.0474    0.0802   0.643        10
            WONB14_3       310.2464      -105.5587         7.6726    0.0492    0.0472    0.0803   0.620        10
           WONB30_B7        92.9308       380.6710         3.5020    0.0391    0.0366    0.0578   0.706        15
            WONB30_5        98.7239       374.2948         3.9366    0.0392    0.0365    0.0602   0.686        15
          WONB30_B15       102.1226       364.9224         4.2417    0.0369    0.0355    0.0564   0.948        17
              WONB30       106.9685       372.0679         4.4136    0.0382    0.0363    0.0571   0.750        16
           WONB30_B1       109.2391       380.3508         4.4088    0.0393    0.0367    0.0577   0.694        15
            WONB30_3       112.9300       361.4738         4.2765    0.0373    0.0359    0.0568   0.869        17
            WONB30_2       115.2467       369.8303         4.4140    0.0384    0.0364    0.0571   0.785        16
            WONB30_1       117.4993       378.1262         4.4861    0.0395    0.0369    0.0577   0.685        15
             WONB1_5       -98.7117       460.6595        -1.5333    0.0718    0.0675    0.1651   1.546         4
            WONB1_B7       -96.2073       468.5661        -1.3796    0.0850    0.0913    0.1280   0.538         4
             WONB1_3      -102.1044       441.8187        -2.1530    0.0645    0.0644    0.1214   1.177         5
               WONB1       -96.3203       452.4334        -1.4080    0.0614    0.0613    0.1014   1.211         6
            WONB1_B4       -90.5787       463.0429        -0.9406    0.0653    0.0651    0.1222   1.496         5
             WONB1_2       -93.9129       444.2277        -1.5281    0.0617    0.0614    0.1011   1.041         6
            WONB1_B1       -88.1389       454.8576        -0.8498    0.0657    0.0651    0.1218   1.396         5
             WONB1_1       -85.7030       446.5733        -1.2191    0.0622    0.0617    0.1010   0.990         6
            WONB18_3      -138.5396      -117.0224        -2.8672    0.0676    0.0761    0.1132   0.640         4
           WONB18_B9      -131.8344       -91.5348        -2.5038    0.0587    0.0649    0.0858   0.880         6
            WONB18_5      -129.9592       -99.9003        -2.3017    0.0580    0.0605    0.0795   1.008         7
              WONB18      -129.9373      -108.4612        -2.2019    0.0580    0.0603    0.0795   1.076         7
            WONB18_2      -130.0219      -117.0843        -2.4551    0.0633    0.0609    0.0857   0.792         6
           WONB18_B6      -123.2101       -94.5814        -2.1552    0.0592    0.0650    0.0857   0.832         6
           WONB18_B1      -121.4075      -108.4860        -1.8167    0.0592    0.0647    0.0856   0.823         6
            WONB18_1      -121.4788      -117.0463        -2.2054    0.0583    0.0602    0.0794   0.769         7
           WONB23_B6       -26.5932      -144.9398        -0.6867    0.0488    0.0472    0.0696   1.065         9
            WONB23_5       -22.1452      -152.2527        -0.0807    0.0488    0.0468    0.0696   1.184         9
          WONB23_B14       -20.4027      -160.6208         0.1369    0.0489    0.0454    0.0697   1.208         9
           WONB23_B1       -12.6343      -144.6575        -0.0755    0.0482    0.0452    0.0654   0.871        10
              WONB23       -13.6301      -153.2388         0.2656    0.0493    0.0458    0.0697   1.048         9
            WONB23_1        -4.0951      -145.7184        -0.2480    0.0505    0.0456    0.0686   0.834         9
            WONB23_2        -5.1447      -154.2162         0.1650    0.0482    0.0448    0.0654   1.019        10
            WONB23_3        -6.2595      -162.7843         0.3486    0.0533    0.0498    0.0733   1.048         8
           WONB26_B7       154.4634       418.5174         5.7290    0.0521    0.0490    0.0744   0.555         9
           WONB26_B1       159.5917       433.8946         6.6675    0.0677    0.0594    0.1072   0.593         5
            WONB26_1       164.1423       441.0860         6.5290    0.0623    0.0584    0.0943   0.737         6
            WONB26_5       162.2196       422.0150         6.3531    0.0596    0.0557    0.0933   0.900         7
              WONB26       166.7913       429.2712         6.8934    0.0572    0.0512    0.0818   0.963         7
          WONB26_B11       164.9954       413.9145         6.2446    0.0465    0.0437    0.0654   1.085        11
            WONB26_2       171.4282       436.4660         6.9451    0.0671    0.0590    0.1076   0.665         5
            WONB26_3       178.6352       431.8773         7.0866    0.0572    0.0511    0.0820   1.105         7
           WONB12_B5        94.2810      -171.0582         5.6118    0.0551    0.0514    0.0769   1.295         7
          WONB12_B10        95.3017      -184.5044         5.1032    0.0559    0.0485    0.0777   0.674         7
            WONB12_5       100.1670      -177.3135         5.7280    0.0526    0.0476    0.0708   1.320         8
           WONB12_B1       104.4806      -165.9636         6.4950    0.0543    0.0490    0.0744   1.265         7
              WONB12       107.9408      -173.8754         6.3989    0.0527    0.0477    0.0708   1.027         8
            WONB12_1       112.2570      -162.4709         6.5776    0.0567    0.0499    0.0778   0.614         7
            WONB12_2       115.8580      -170.3065         6.4847    0.0529    0.0479    0.0709   1.224         8
            WONB12_3       119.2842      -178.1643         6.4332    0.0527    0.0474    0.0709   1.083         8
           WONB17_B5       441.4261       341.6970        14.8311    0.0754    0.0707    0.1382   0.776         4
            WONB17_5       449.6313       339.0498        15.1824    0.0753    0.0705    0.1390   0.915         4
              WONB17       454.6694       345.9019        15.5333    0.0749    0.0704    0.1396   0.910         4
           WONB7_B13       234.5714      -204.4999         6.5496    0.0782    0.0847    0.0859   1.062         7
             WONB7_5       243.1354      -203.9097         6.0534    0.0787    0.0850    0.0862   0.827         7
             WONB7_3       235.8183      -221.6190         7.1757    0.0848    0.1092    0.1005   1.025         5
               WONB7       243.7662      -212.4014         6.4386    0.0799    0.1027    0.0940   0.787         6
            WONB7_B4       251.6756      -203.2894         5.8120    0.0791    0.0853    0.0865   0.715         7
             WONB7_2       244.4025      -220.9686         6.8912    0.0850    0.1094    0.1008   0.968         5
            WONB7_B1       252.3928      -211.6982         6.2343    0.0803    0.1029    0.0943   1.001         6
             WONB7_1       252.9903      -220.3008         6.5581    0.0852    0.1096    0.1010   0.972         5
            WONB6_B1      -238.7564       -52.4887        -5.3084    0.0691    0.0709    0.1218   0.416         4
               WONB6      -230.2388       -53.6286        -5.5714    0.0693    0.0712    0.1213   0.558         4
             WONB6_2      -229.0275       -45.0845        -5.6031    0.0696    0.0720    0.1215   0.723         4
             WONB6_3      -220.4820       -46.1516        -5.6966    0.0612    0.0667    0.1005   0.941         5
           WONB40_B1       235.4949       405.5727         8.3662    0.0521    0.0461    0.0710   0.763         9
            WONB40_1       239.2020       413.2769         8.3787    0.0541    0.0452    0.0721   1.172         9
            WONB40_5       239.5900       394.1396         8.3638    0.0493    0.0452    0.0699   0.787        10
              WONB40       243.2376       401.8589         8.4976    0.0522    0.0461    0.0752   1.009         9
            WONB40_2       247.0155       409.6057         8.5231    0.0508    0.0450    0.0673   1.209        10
          WONB40_B10       240.6086       385.6511         8.2856    0.0466    0.0431    0.0655   0.920        12
          WONB40_B13       247.2830       390.4146         8.7656    0.0495    0.0441    0.0699   1.053        11
            WONB40_3       254.6941       405.8737         9.0769    0.0545    0.0464    0.0722   1.052         9
           WONB29_B7       338.3702       366.8064        11.7912    0.0613    0.0555    0.0809   1.372         8
           WONB29_B1       346.6942       380.6708        12.2137    0.0664    0.0632    0.0827   0.976         7
            WONB29_1       352.6104       386.6924        11.9512    0.0811    0.0700    0.1009   0.554         5
            WONB29_5       346.6371       368.5618        12.0555    0.0687    0.0658    0.0902   0.485         6
              WONB29       352.7295       374.5552        12.2499    0.0611    0.0604    0.0825   1.048         8
            WONB29_2       358.7945       380.7503        12.0326    0.0678    0.0659    0.0908   0.912         6
          WONB29_B14       354.3782       364.8212        12.1403    0.0683    0.0658    0.0905   0.658         6
            WONB29_3       364.8898       374.6596        12.1843    0.0674    0.0658    0.0911   0.911         6
           WONB28_B7       305.2261      -171.6136         7.6537    0.0491    0.0511    0.0738   0.903        10
            WONB28_5       312.6799      -175.9017         8.1702    0.0492    0.0488    0.0729   1.120        10
           WONB28_B1       320.7772      -166.8152         8.3698    0.0503    0.0503    0.0693   0.975        10
          WONB28_B13       313.1917      -184.7513         8.1820    0.0613    0.0690    0.0843   0.593         8
              WONB28       321.2439      -175.4811         8.3815    0.0478    0.0481    0.0693   1.001        11
            WONB28_1       329.3414      -166.4288         8.2178    0.0477    0.0479    0.0694   1.065        11
            WONB28_2       329.9033      -175.2290         8.2139    0.0587    0.0606    0.0733   0.910        10
            WONB28_3       330.4119      -183.9502         8.2227    0.0586    0.0607    0.0733   1.245        10
            WONB24_3       -13.5171       460.9039         0.4552    0.0861    0.0757    0.1284   1.078         4
          WONB24_B15       -22.3974       453.8704         0.5967    0.0841    0.0718    0.1502   0.661         4
            WONB24_2       -19.0693       467.3857         0.4187    0.0850    0.0754    0.1285   1.310         4
              WONB24       -25.5045       461.8255         0.4426    0.0723    0.0710    0.1029   1.069         5
            WONB24_5       -32.0063       456.1817         0.0524    0.0696    0.0672    0.1135   1.045         5
           WONB24_B6       -40.4793       457.7278        -0.3331    0.0686    0.0669    0.1134   0.842         5
            WONB24_1       -24.7246       473.9320         0.1995    0.0839    0.0752    0.1287   1.528         4
           WONB24_B1       -31.3267       468.2263         0.4918    0.0803    0.0711    0.1195   0.990         4
                   2      -207.2973       243.3711        -4.2819    0.3697    0.3936    1.1201   1.558         4
                  23       203.1199        50.6819        50.7536    0.3355    0.3710    0.5317   2.466         6
                  44        40.7149       208.5352        45.4667    0.2051    0.2822    0.4301   3.400         7
                  45       232.1453       160.3389        50.8474    0.3213    0.3307    0.4749   2.848         7
                  46        41.5223       209.3669         2.0135    0.1793    0.1561    0.2764   1.151         5
                  47       234.0749       161.0538         6.8092    0.3045    0.2900    0.4523   4.994         9
                  48       212.6771       168.7012         5.9679    0.3351    0.2606    0.5553   3.471         5
                  52       206.9721        49.3701         6.6006    0.6588    0.3584    0.9581   1.064         5

                            X                   Y                   Z
     RMS is:              0.0727              0.0663              0.1239

 Minimum is:              0.0299              0.0291              0.0420
 at point:              WONB20_3          WONB27_B12          WONB27_B12

 Maximum is:              0.6588              0.3936              1.1201
 at point:                    52                   2                   2
